0.01 -0.03 1.01 2735
0.02 -0.02 1.00 2839
0.00 -0.02 1.00 2942
-0.01 0.01 0.98 3046
-0.05 0.02 1.02 3150
-0.03 0.03 0.98 3254
0.04 0.05 0.84 3357
-0.25 -0.00 1.09 3461
-0.11 -0.10 0.77 3565
-0.41 -0.04 0.84 3668
-0.28 -0.14 1.06 3772
-0.24 0.14 1.23 3875
0.05 0.12 0.68 3979
-0.24 0.01 1.51 4082
0.02 -0.05 0.97 4186
-0.09 0.11 -0.04 4289
-0.02 -0.11 0.56 4393
-0.45 -0.41 2.10 4497
-0.29 -0.18 0.75 4600
0.34 0.07 -0.21 4704
-0.01 -0.26 0.82 4807
-0.76 -0.39 2.04 4912
-0.06 0.28 0.18 5015
-0.00 -0.09 0.07 5118
-0.32 -0.49 1.25 5222
-0.16 -0.03 1.41 5325
0.02 -0.07 0.31 5429
0.26 -0.07 0.04 5532
-1.14 -0.27 2.10 5636
-0.15 0.09 0.78 5739
0.16 -0.39 -0.33 5842
-0.25 -0.31 1.48 5946
-0.08 -0.24 2.10 6050
0.32 0.00 0.04 6154
0.22 -0.03 -0.01 6257
-0.40 -0.19 1.57 6361
-0.25 0.23 0.99 6464
0.33 -0.02 0.14 6567
0.27 -0.04 -0.01 6671
-1.10 0.09 2.10 6774
-0.03 -0.20 0.46 6878
0.13 0.05 -0.11 6981
-0.44 0.47 2.10 7086
-0.28 -0.27 1.44 7189
0.24 0.13 0.38 7292
0.18 0.01 0.06 7396
-0.29 0.12 1.92 7499
0.07 -0.42 0.70 7603
0.13 -0.07 0.03 7706
0.11 0.06 0.03 7810
-1.35 -0.51 2.10 7914
0.04 0.25 0.22 8017
0.05 0.00 -0.25 8121
-0.40 -0.21 2.07 8224
-0.11 -0.53 2.10 8328
-0.04 0.11 0.20 8431
-0.09 0.13 -0.08 8535
-0.37 0.17 1.90 8638
0.03 -0.04 0.85 8741
0.28 0.11 0.56 8845
0.25 -0.25 0.04 8949
-0.92 -0.20 2.10 9053
-0.03 -0.40 0.44 9156
0.29 -0.05 -0.31 9260
-0.34 0.52 1.80 9363
-0.54 -0.64 2.09 9466
0.08 0.00 -0.08 9571
0.03 -0.14 0.07 9674
-0.16 -0.32 2.08 9778
0.01 -0.17 1.35 9881
-0.05 0.06 0.51 9985
0.17 0.00 -0.09 10088
-0.18 0.25 2.01 10191
0.06 0.19 0.66 10296
0.46 0.09 -0.07 10398
0.09 -0.02 0.17 10503
-1.17 -0.07 2.10 10606
-0.05 -0.26 0.16 10710
0.30 -0.09 -0.25 10813
-0.60 0.72 2.10 10916
-0.11 0.07 1.73 11020
0.23 0.16 0.10 11123
0.10 -0.11 0.06 11225
0.09 -0.25 2.10 11328
0.48 0.11 1.39 11431
0.20 0.09 0.12 11535
0.15 0.17 0.02 11638
-1.20 0.23 2.10 11742
-0.04 0.16 0.96 11845
0.24 0.23 0.03 11949
-0.32 0.12 1.21 12052
-0.46 -0.20 2.09 12162
-0.12 -0.18 0.33 12265
0.13 0.19 -0.14 12368
0.07 0.38 1.06 12472
-0.25 0.15 1.84 12575
0.04 0.02 0.07 12679
0.09 0.18 0.04 12782
-0.02 -0.08 1.47 12886
-0.08 -0.10 1.32 12989
-0.08 0.20 0.15 13092
0.40 0.26 -0.10 13196
-1.15 0.36 2.10 13299
-0.17 0.21 1.03 13403
0.36 0.15 0.38 13506
0.15 0.07 0.08 13609
-1.08 -0.08 2.10 13714
0.04 -0.14 0.75 13817
0.13 -0.15 0.12 13921
-0.17 0.16 0.46 14024
-1.20 -0.32 2.10 14128
0.22 0.14 0.29 14231
0.33 -0.20 -0.07 14334
-0.49 0.12 1.58 14444
-1.03 -0.34 2.06 14547
-0.17 -0.22 0.29 14651
-0.19 0.08 -0.12 14754
-0.25 0.24 2.10 14858
-0.63 -0.20 1.78 14962
0.17 0.05 0.00 15066
0.36 0.04 0.16 15169
-0.24 -0.07 2.10 15272
0.06 -0.12 1.03 15376
0.09 -0.11 0.23 15479
0.25 -0.03 -0.03 15581
-0.82 0.13 2.10 15684
0.06 0.07 0.79 15788
0.21 0.06 0.01 15892
-0.12 -0.02 0.63 15995
-1.02 0.37 2.10 16099
0.08 -0.18 0.38 16202
0.12 0.08 0.05 16305
-0.37 0.01 1.07 16409
-1.07 0.06 2.10 16513
0.13 0.31 0.23 16616
-0.00 0.12 -0.01 16724
-0.25 -0.31 1.93 16828
-0.35 -0.43 1.83 16931
0.04 -0.09 -0.03 17035
-0.06 0.02 -0.04 17139
-0.67 -0.07 2.10 17243
-0.50 -0.23 1.68 17346
0.02 0.12 -0.13 17449
0.03 -0.26 0.16 17553
0.55 -0.95 0.58 17656
0.43 -0.75 1.19 17760
-0.38 -0.60 -0.21 17863
0.80 0.09 2.06 17967
-0.00 0.20 0.68 18070
0.53 0.06 -0.19 18173
-1.31 -0.17 2.10 18277
-0.43 -0.29 1.98 18380
-0.12 -0.06 0.67 18484
0.05 -0.02 0.01 18587
-0.59 -0.10 2.10 18691
-0.34 -0.01 1.70 18794
0.05 -0.04 0.34 18897
-0.06 0.04 0.21 19007
-0.41 0.00 1.18 19109
-0.50 -0.48 1.91 19211
0.08 -0.11 0.71 19314
0.14 -0.03 0.05 19418
-0.19 -0.25 1.39 19522
-0.37 0.21 1.96 19625
-0.10 0.03 0.94 19729
-0.03 0.04 0.21 19832
0.30 -0.31 0.95 19936
-0.12 -0.31 2.04 20039
0.37 -0.18 0.81 20143
0.29 -0.08 0.15 20246
0.20 -0.06 1.31 20349
-0.77 0.07 2.10 20453
0.04 0.03 0.69 20557
0.03 -0.25 0.27 20661
-0.16 -0.34 1.45 20764
-0.36 -0.38 1.82 20868
0.07 -0.05 0.17 20971
0.38 0.06 -0.01 21074
0.67 -0.03 1.45 21178
0.16 -0.12 1.50 21287
0.29 0.16 0.01 21391
0.63 0.25 0.28 21494
-0.72 -0.34 2.10 21598
-0.22 -0.17 1.22 21701
0.46 0.02 0.05 21805
0.10 0.18 1.67 21908
0.00 0.06 1.97 22011
0.18 -0.00 0.80 22115
-0.13 0.24 0.17 22218
-0.12 -0.09 1.58 22322
-0.52 -0.18 1.98 22425
-0.14 -0.21 0.63 22530
-0.02 -0.02 0.08 22633
0.20 0.26 1.37 22736
-0.59 0.02 1.90 22840
-0.10 -0.03 0.07 22943
0.02 -0.15 -0.09 23047
-0.22 -0.22 1.14 23151
-0.50 -0.21 2.07 23255
-0.07 0.02 0.23 23358
0.07 -0.11 -0.03 23461
-0.31 -0.24 1.58 23571
-0.13 -0.16 1.21 23674
-0.18 0.00 0.38 23778
0.04 -0.07 0.10 23882
-0.73 -0.15 2.10 23986
-0.12 -0.25 1.34 24089
0.07 0.15 0.09 24193
0.07 0.04 -0.06 24296
-0.75 -0.16 2.10 24400
-0.28 -0.02 1.05 24504
-0.06 0.10 0.23 24607
-0.03 0.01 -0.09 24711
-0.88 -0.12 2.10 24814
-0.20 -0.17 0.80 24918
0.14 0.02 0.10 25022
0.10 0.08 -0.01 25125
-0.72 -0.38 2.10 25230
-0.19 0.33 0.58 25333
0.50 -0.27 -0.13 25437
-0.24 -0.02 0.47 25540
-0.70 -0.18 2.10 25644
0.06 -0.20 0.45 25747
0.26 -0.14 -0.14 25857
-0.39 0.23 1.82 25960
-0.82 -0.27 2.10 26064
0.04 0.13 0.28 26168
0.29 -0.45 0.04 26271
-0.57 -0.32 2.10 26375
-0.69 -0.53 2.10 26478
0.01 0.05 0.25 26582
0.14 -0.06 -0.10 26686
-0.10 0.13 1.45 26789
-0.77 -0.07 1.83 26893
-0.25 0.10 -0.04 26996
0.08 -0.24 -0.05 27100
-0.07 -0.69 2.02 27203
0.28 0.01 1.22 27307
0.11 0.09 0.22 27410
0.24 0.01 -0.13 27514
-0.92 0.25 2.10 27618
-0.12 0.09 0.83 27721
0.14 0.16 0.36 27823
0.14 -0.15 -0.09 27926
-1.50 0.34 2.10 28029
0.11 -0.05 0.73 28139
0.21 -0.08 -0.02 28242
0.07 0.26 0.42 28347
-1.32 0.07 2.10 28450
-0.14 0.10 0.48 28554
0.32 0.11 -0.21 28657
-0.45 0.06 1.58 28761
-1.23 -0.17 2.10 28864
-0.02 0.06 0.00 28967
0.25 -0.09 -0.13 29071
-0.10 0.30 2.10 29175
-0.54 0.12 1.73 29279
0.04 0.01 0.02 29382
-0.10 -0.02 0.08 29486
-0.86 -0.49 1.85 29590
-0.69 -0.01 1.58 29693
0.21 0.05 0.06 29797
-0.09 -0.11 0.01 29900
0.25 0.00 1.09 30004
-0.29 0.08 1.46 30107
0.01 0.06 0.00 30211
-0.01 -0.07 0.00 30314
0.03 -0.38 1.59 30424
-0.49 -0.21 1.36 30527
-0.06 -0.07 -0.05 30630
-0.01 -0.11 -0.05 30734
-0.62 -0.15 1.92 30837
-0.32 -0.07 1.29 30941
0.09 0.06 0.07 31044
-0.00 0.05 -0.01 31149
-0.37 -0.40 1.47 31252
-0.26 -0.26 1.44 31355
0.04 0.15 0.02 31459
-0.06 0.04 0.01 31562
-0.20 -0.26 1.46 31666
-0.58 -0.07 1.41 31769
0.13 0.06 -0.05 31873
0.09 -0.01 -0.02 31976
-0.17 -0.29 1.19 32080
-0.13 -0.46 1.51 32184
0.12 0.06 -0.08 32287
-0.02 -0.03 -0.08 32391
-0.22 -0.39 2.10 32494
-0.39 -0.08 1.65 32598
-0.02 0.07 0.24 32707
0.14 -0.11 0.12 32811
0.50 -0.39 0.63 32914
0.08 -0.42 1.95 33017
0.02 -0.10 0.22 33121
-0.01 -0.15 -0.02 33224
-0.41 -0.04 2.10 33328
-0.35 -0.19 1.74 33431
-0.11 0.05 0.58 33536
0.16 -0.35 0.21 33639
0.11 -0.46 0.99 33742
-0.00 -0.80 1.87 33846
-0.08 -0.03 0.53 33949
0.06 -0.02 0.03 34053
-0.14 -0.04 1.75 34156
-0.49 0.12 1.84 34259
-0.20 0.03 0.31 34363
-0.29 -0.18 0.25 34466
-0.11 -0.32 0.94 34570
-0.76 -0.61 2.01 34673
-0.02 0.03 0.42 34777
0.11 0.03 0.00 34880
-0.40 0.26 1.10 34983
-0.78 -0.21 2.10 35087
-0.13 -0.02 0.37 35191
0.17 -0.13 0.09 35295
0.03 -0.35 1.23 35398
-0.68 -0.42 2.10 35502
0.02 -0.29 0.37 35605
0.21 -0.04 -0.09 35708
-0.11 0.30 1.58 35812
-0.68 0.00 2.10 35915
0.04 0.16 0.24 36019
0.31 -0.32 0.06 36123
-0.14 -0.30 1.84 36227
-0.53 -0.17 2.10 36330
0.03 -0.09 0.25 36433
0.08 0.04 -0.01 36537
-0.21 0.12 1.90 36641
-0.79 -0.10 1.83 36745
-0.18 0.13 0.05 36848
-0.08 -0.11 0.07 36952
0.17 -0.05 1.83 37055
-0.49 -0.31 1.86 37159
-0.12 0.06 0.22 37263
0.02 -0.13 -0.09 37366
-0.17 -0.24 1.68 37470
-0.17 0.05 1.04 37573
0.08 0.06 0.29 37677
0.04 0.24 -0.00 37780
-0.36 -0.61 2.10 37883
