0.05 -0.05 0.85 2751
0.10 -0.10 0.98 2854
0.08 -0.04 0.99 2957
0.04 -0.05 0.91 3060
0.04 -0.00 1.02 3164
-0.05 -0.06 0.94 3267
-0.16 0.01 0.96 3369
-0.31 0.07 1.16 3474
-0.24 0.16 1.11 3577
-0.03 0.12 1.10 3681
-0.15 0.01 0.33 3784
-0.12 -0.45 1.20 3888
-0.16 -0.56 2.02 3991
0.10 -0.02 0.79 4094
-0.04 0.26 -0.05 4198
-0.06 -0.02 1.23 4301
-0.22 -0.05 1.58 4405
-0.19 0.20 0.20 4509
-0.22 -0.09 -0.01 4613
-0.26 -0.36 1.74 4716
-0.10 -0.08 0.86 4819
-0.07 0.27 -0.19 4923
-0.15 0.06 0.57 5026
-0.07 -0.10 2.08 5130
0.28 -0.10 0.59 5233
0.08 0.01 -0.00 5337
0.58 0.09 1.47 5440
-0.45 -0.21 1.42 5543
-0.33 0.18 -0.08 5647
-0.07 0.06 0.12 5750
-0.58 -0.41 1.71 5854
-0.07 0.12 0.95 5957
-0.22 0.01 0.03 6061
0.17 -0.27 2.08 6164
-0.03 -0.13 2.08 6267
0.07 0.10 0.34 6371
0.03 0.07 -0.03 6474
0.15 -0.45 1.51 6578
-0.27 0.34 1.20 6681
-0.08 -0.07 -0.20 6785
-0.20 -0.14 0.26 6888
-0.30 -0.60 2.08 6991
0.13 0.02 0.77 7095
-0.20 0.25 0.03 7198
0.64 -0.37 1.36 7302
0.03 0.13 1.35 7404
0.03 0.08 -0.34 7508
-0.23 -0.04 0.04 7612
-0.20 -0.48 2.08 7715
0.24 -0.17 0.72 7819
-0.10 0.19 0.02 7921
0.33 -0.21 2.08 8025
0.40 -0.17 2.08 8128
0.14 -0.16 0.19 8231
-0.14 -0.10 0.01 8335
-0.19 -0.03 1.62 8438
0.22 -0.11 1.05 8542
-0.20 0.22 -0.01 8645
0.01 0.11 0.77 8749
0.19 -0.04 2.08 8852
0.04 -0.07 0.67 8955
-0.19 0.08 0.11 9059
0.39 -0.26 2.00 9162
0.13 -0.39 1.76 9266
-0.28 0.20 0.05 9369
0.08 0.18 -0.07 9473
-0.00 -0.05 1.46 9576
0.12 0.05 1.07 9679
-0.12 -0.07 0.16 9783
-0.15 -0.54 1.62 9886
-0.06 -0.78 2.08 9990
0.02 0.10 0.63 10093
-0.14 0.15 0.22 10196
0.40 -0.36 1.13 10300
-0.16 0.18 1.08 10403
-0.24 0.04 0.04 10507
0.05 -0.21 0.58 10610
0.09 -0.76 2.08 10714
0.28 0.10 0.80 10817
-0.15 0.15 0.14 10920
0.50 -0.30 1.63 11024
-0.08 0.03 1.22 11127
-0.14 0.00 -0.07 11231
-0.01 0.01 0.34 11334
-0.18 -0.83 2.08 11438
0.26 0.12 0.64 11541
-0.02 0.24 0.29 11644
0.39 0.09 1.53 11748
0.10 -0.02 1.19 11851
-0.24 -0.21 -0.14 11955
-0.07 -0.12 0.29 12058
-0.16 -0.68 2.08 12168
0.25 0.12 0.69 12271
0.04 0.24 0.05 12375
0.52 -0.08 1.94 12478
-0.04 0.21 1.59 12581
-0.02 -0.14 -0.24 12685
-0.07 -0.02 0.30 12788
-0.16 -0.69 2.08 12892
0.45 0.10 0.69 12995
0.04 0.21 0.11 13099
0.64 0.02 1.98 13202
-0.01 0.27 1.39 13305
-0.15 -0.16 -0.25 13409
0.00 -0.01 -0.11 13512
-0.48 -0.39 2.08 13616
0.23 0.01 0.94 13719
-0.05 0.08 0.03 13822
-0.06 0.24 1.53 13926
0.44 -0.04 1.99 14029
0.04 -0.02 -0.07 14133
-0.15 0.14 -0.05 14236
0.96 -0.07 1.32 14340
-0.14 -0.21 1.26 14448
-0.12 0.26 -0.00 14552
0.34 0.23 2.08 14655
0.40 0.22 1.69 14758
-0.00 0.04 -0.18 14862
0.02 0.05 -0.00 14965
-0.22 -0.47 1.86 15069
0.46 0.16 1.07 15172
-0.03 0.19 0.01 15276
-0.51 0.44 1.95 15379
0.53 0.75 1.60 15482
0.15 0.51 0.52 15585
0.17 0.27 -0.07 15688
0.50 -0.81 2.08 15792
0.45 -0.67 1.34 15895
0.03 0.21 0.24 15998
0.00 0.26 0.21 16102
0.29 0.05 2.08 16205
0.11 0.12 1.07 16309
-0.03 0.13 -0.11 16412
-0.07 -0.10 1.16 16516
0.49 -0.00 2.08 16619
0.17 -0.13 0.90 16728
-0.09 0.35 0.05 16831
0.40 -0.20 1.61 16934
0.27 0.26 1.23 17038
-0.07 0.14 -0.17 17141
-0.19 -0.11 1.50 17245
0.47 -0.23 2.05 17348
0.08 0.04 0.31 17452
0.01 0.07 0.03 17554
0.08 -0.45 1.24 17657
-0.06 0.19 1.14 17761
-0.14 -0.05 -0.10 17864
-0.22 -0.05 0.32 17968
-0.25 -0.76 2.08 18071
0.32 0.04 0.42 18174
-0.20 0.14 0.10 18278
0.82 0.20 2.08 18380
0.19 0.38 1.40 18482
-0.08 -0.09 -0.03 18585
-0.42 -0.04 0.15 18689
-0.69 -0.98 2.08 18792
0.19 -0.14 0.71 18895
-0.19 0.31 0.02 19004
0.63 0.12 2.08 19107
0.44 0.37 1.89 19211
0.03 -0.25 0.08 19314
-0.30 -0.07 0.01 19418
-0.47 -0.33 2.05 19521
0.12 -0.22 0.96 19624
-0.03 0.26 0.03 19728
-0.17 0.11 0.64 19831
0.34 0.03 2.08 19935
0.22 -0.01 0.23 20038
-0.13 0.03 0.00 20142
0.84 0.08 1.21 20245
0.15 -0.24 1.29 20348
-0.23 0.11 0.01 20452
-0.14 0.22 0.22 20555
0.04 -0.09 2.08 20659
0.16 -0.05 0.39 20762
-0.05 0.07 0.06 20866
0.88 0.05 1.71 20969
0.20 -0.63 1.49 21072
-0.03 0.27 -0.04 21176
-0.17 0.23 0.19 21279
-0.10 -0.10 2.08 21383
0.11 0.04 0.59 21486
-0.05 -0.14 0.21 21590
0.83 -0.82 2.08 21693
0.21 -0.72 1.72 21796
0.15 0.42 0.12 21900
-0.15 0.12 0.15 22003
-0.14 -0.19 1.84 22107
-0.03 0.02 0.71 22210
-0.18 -0.11 0.09 22312
0.38 -0.19 1.65 22416
-0.01 -1.02 1.69 22519
0.22 0.35 0.35 22623
-0.10 0.07 0.13 22726
0.01 0.06 1.47 22830
-0.03 -0.00 0.88 22933
-0.06 -0.27 0.07 23036
-0.36 -0.15 0.93 23140
0.30 -1.09 2.08 23243
0.04 0.06 0.77 23347
0.05 -0.15 -0.10 23450
-0.18 -0.16 1.82 23554
0.15 0.03 2.08 23662
0.03 -0.18 0.66 23766
-0.23 0.06 0.09 23869
-0.39 -0.57 2.08 23972
-0.10 -0.20 1.28 24076
0.12 0.11 -0.22 24179
-0.21 0.12 0.04 24283
-0.26 -0.43 1.91 24386
-0.02 0.07 0.95 24489
-0.12 0.12 -0.01 24591
-0.31 -0.14 0.97 24694
0.04 -0.38 2.08 24798
-0.24 0.05 0.61 24901
-0.02 0.09 0.09 25005
-0.08 0.16 1.42 25108
-0.16 0.22 1.17 25212
-0.19 -0.13 -0.17 25316
-0.16 -0.09 0.95 25419
0.31 -0.61 2.08 25523
-0.11 0.08 0.57 25626
-0.07 0.02 0.15 25730
0.43 -0.23 1.33 25833
0.19 -0.12 1.14 25936
-0.10 -0.02 -0.18 26040
-0.23 -0.11 0.85 26143
0.19 -0.57 2.08 26247
0.04 0.02 0.75 26350
-0.30 0.17 0.24 26454
0.36 -0.47 1.01 26557
-0.07 0.17 0.90 26660
-0.31 0.00 0.13 26764
-0.11 -0.16 1.45 26867
0.19 -0.44 2.08 26971
0.05 0.07 0.30 27074
-0.05 0.21 0.09 27177
0.63 -0.21 0.89 27281
0.05 0.31 1.00 27384
-0.33 0.01 0.06 27488
-0.27 -0.01 0.88 27592
0.25 -0.59 2.08 27696
-0.03 0.01 0.48 27798
-0.13 0.23 0.25 27901
0.56 -0.39 1.24 28005
0.30 0.09 1.08 28108
-0.24 0.01 0.13 28218
0.13 -0.11 2.08 28321
0.41 -0.11 2.00 28425
0.16 0.14 0.18 28528
-0.00 0.12 0.07 28632
0.04 -0.43 1.21 28735
-0.06 -0.01 1.06 28838
0.15 0.00 -0.16 28942
-0.24 -0.17 1.56 29045
0.46 -0.40 2.08 29149
0.18 0.08 0.31 29252
-0.00 0.33 0.27 29356
-0.11 -0.06 2.08 29459
0.42 -0.28 1.04 29562
-0.18 -0.09 0.34 29666
0.40 -0.30 1.69 29769
0.44 -0.86 1.69 29873
0.07 0.17 -0.00 29976
-0.23 0.25 0.21 30080
-0.22 -0.32 2.08 30183
0.33 -0.09 0.87 30286
-0.13 0.03 0.21 30390
0.25 -0.45 2.08 30498
0.25 -0.78 1.73 30602
0.03 0.21 -0.01 30705
-0.06 0.34 0.03 30809
-0.46 -0.44 2.08 30912
0.41 -0.05 0.79 31015
-0.12 0.21 0.10 31119
0.81 -0.24 1.42 31222
0.84 -0.54 1.76 31326
-0.02 0.26 -0.05 31429
-0.05 -0.02 0.04 31533
0.24 -0.50 1.76 31636
0.01 -0.01 0.91 31739
-0.27 -0.13 -0.04 31843
-0.03 -0.05 1.40 31946
0.35 -0.79 2.08 32050
0.04 -0.07 0.62 32153
0.05 -0.05 0.14 32257
0.59 -0.32 1.73 32360
0.26 -0.23 1.35 32463
-0.15 0.36 -0.04 32568
0.28 0.00 0.30 32671
0.42 -0.66 2.08 32780
-0.03 0.13 0.33 32883
0.23 -0.05 0.01 32987
-0.13 -0.05 1.51 33090
0.01 0.37 0.97 33193
-0.07 -0.28 0.21 33297
0.05 -0.13 0.25 33401
-0.05 -0.81 2.08 33505
0.04 0.29 0.53 33608
-0.10 0.21 -0.01 33711
0.42 -0.59 0.66 33814
0.06 -0.00 1.28 33918
-0.06 -0.07 0.15 34021
0.09 -0.12 0.54 34124
0.69 -0.21 2.08 34228
0.06 -0.13 0.38 34331
-0.01 0.25 0.18 34435
0.21 -0.42 0.81 34539
0.07 -0.24 1.21 34642
-0.14 0.02 0.14 34746
0.53 0.20 1.48 34849
0.57 -0.41 2.02 34953
-0.10 0.20 0.07 35061
0.14 0.20 -0.06 35165
-0.31 -0.02 2.08 35268
0.13 -0.10 1.00 35372
-0.11 -0.13 0.03 35475
0.21 -0.52 2.08 35578
0.17 -0.52 1.91 35682
-0.22 0.25 0.13 35785
0.10 0.23 0.05 35889
-0.02 0.22 2.08 35992
0.36 -0.29 0.92 36097
0.13 -0.04 0.04 36200
0.02 -0.39 2.08 36302
0.20 -0.47 1.64 36407
-0.09 0.26 0.04 36510
-0.00 0.29 0.04 36614
0.22 -0.45 0.96 36717
0.31 0.12 1.07 36820
-0.07 0.06 0.11 36924
-0.09 -0.07 0.59 37027
0.61 -0.30 2.08 37131
0.25 -0.04 0.70 37234
0.02 0.24 -0.03 37338
0.75 -0.45 1.46 37441
-0.03 0.32 1.24 37544
-0.12 0.03 -0.08 37648
0.07 -0.16 0.08 37751
-0.26 -0.73 2.08 37855
