-0.07 0.06 1.12 2752
-0.23 -0.02 1.02 2856
-0.11 0.03 0.49 2960
-0.31 0.01 0.75 3063
-0.28 0.09 1.45 3167
-0.03 0.04 0.82 3270
-0.47 0.30 1.42 3374
-0.39 0.32 1.25 3477
0.01 -0.14 0.10 3580
0.01 0.08 0.53 3684
-0.89 -0.24 2.11 3787
-0.47 -0.27 0.68 3891
0.29 0.28 -0.02 3994
-0.58 0.37 1.40 4098
-0.16 0.19 1.14 4201
0.10 0.13 0.75 4304
0.04 -0.21 0.26 4408
-0.47 0.18 2.11 4511
-0.08 -0.04 0.53 4615
-0.10 0.20 -0.15 4718
-0.39 0.44 1.66 4822
-0.49 0.08 1.23 4925
0.22 0.39 0.05 5028
0.15 -0.11 0.07 5137
-1.08 -0.09 2.11 5240
-0.00 -0.30 0.11 5345
0.21 0.27 0.22 5447
-0.15 -0.24 2.11 5552
-0.16 -0.07 1.50 5655
-0.31 0.07 0.66 5758
0.02 -0.10 0.07 5862
-0.77 -0.21 2.11 5965
-0.11 -0.02 0.94 6069
0.13 0.23 -0.25 6173
-0.14 -0.18 2.11 6276
-0.81 -0.18 1.66 6380
-0.02 0.36 0.53 6482
0.14 -0.16 0.07 6587
-1.08 -0.37 2.11 6690
0.10 -0.07 0.26 6794
0.13 0.38 -0.20 6897
-0.67 -0.09 2.11 7001
-0.14 -0.32 1.06 7104
0.20 0.31 0.60 7207
0.24 -0.22 0.11 7311
-1.10 -0.49 2.11 7414
0.21 -0.16 0.47 7523
0.19 -0.01 -0.13 7626
-0.39 0.41 2.11 7730
-0.10 -0.26 1.20 7833
0.05 0.22 0.39 7937
0.14 -0.08 0.04 8040
-0.17 -0.09 2.11 8143
-0.20 0.16 0.20 8247
0.17 0.44 -0.25 8350
-0.38 -0.03 2.11 8454
0.20 0.06 1.20 8557
0.14 0.17 0.51 8660
0.10 0.00 0.16 8764
-0.74 0.02 2.11 8867
-0.05 -0.29 0.68 8972
0.34 0.02 -0.09 9075
0.54 0.40 0.64 9178
-0.30 0.26 1.94 9281
0.28 -0.22 0.04 9384
0.03 0.08 0.24 9488
0.26 -0.09 1.84 9591
0.17 -0.09 1.08 9695
0.14 0.11 0.21 9798
0.26 0.36 0.29 9908
-0.79 -0.04 2.11 10011
0.12 0.14 0.88 10115
-0.02 -0.05 0.16 10218
-0.24 -0.25 1.57 10321
-0.53 -0.09 1.85 10425
-0.14 -0.11 0.41 10529
0.08 0.20 0.14 10633
-1.02 0.28 2.11 10736
0.05 0.25 1.32 10840
0.15 0.22 0.26 10943
0.04 -0.07 0.53 11046
-0.58 0.08 2.11 11150
-0.06 -0.10 0.38 11253
0.27 0.23 -0.07 11357
-0.80 -0.09 2.11 11460
-0.29 0.08 1.07 11564
0.42 -0.12 -0.04 11667
-0.56 0.27 1.29 11771
-0.77 0.21 2.11 11875
-0.17 -0.08 0.19 11978
0.14 0.19 0.01 12082
-0.31 0.05 2.02 12190
-0.13 0.22 0.58 12295
0.28 -0.05 -0.26 12398
0.00 -0.09 0.10 12502
-1.33 -0.56 2.11 12605
-0.09 -0.28 0.71 12708
0.31 -0.07 -0.06 12812
0.24 -0.08 1.54 12916
-0.27 -0.41 1.09 13020
0.09 0.32 0.49 13123
0.27 0.25 0.15 13227
-0.62 -0.57 2.11 13330
-0.05 0.01 0.59 13433
0.40 0.00 -0.03 13537
-0.26 0.34 2.11 13641
-0.43 0.15 2.03 13745
0.14 0.26 -0.12 13848
-0.12 0.10 0.15 13952
0.11 -0.43 1.87 14055
-0.62 -0.01 1.07 14158
0.23 0.02 0.31 14262
-0.14 0.06 0.04 14365
-1.17 -0.67 2.11 14474
-0.07 0.30 0.27 14577
0.18 0.03 -0.14 14679
-0.17 -0.45 2.11 14782
-0.54 -0.27 1.73 14885
-0.05 0.03 0.15 14990
0.11 0.14 -0.13 15093
-0.26 0.29 2.11 15197
-0.12 -0.10 1.05 15300
0.27 0.01 0.04 15404
-0.43 -0.05 0.71 15507
-0.46 -0.30 2.11 15611
0.15 -0.09 0.04 15715
0.07 0.11 -0.09 15818
0.20 -0.31 1.88 15922
-0.12 -0.15 1.49 16025
-0.02 0.02 0.23 16129
0.00 -0.23 -0.05 16232
-1.59 -0.22 2.11 16335
-0.11 -0.04 1.07 16439
0.20 -0.11 0.12 16542
-0.40 0.24 1.04 16646
-0.40 -0.04 2.11 16755
-0.02 0.13 0.44 16859
0.25 -0.22 0.22 16962
-0.06 -0.57 0.86 17065
-0.24 -0.86 1.85 17169
0.15 0.01 0.11 17272
0.11 -0.09 -0.03 17376
0.09 -0.22 1.25 17479
-0.05 -0.07 1.39 17583
0.02 -0.08 0.07 17686
0.05 -0.03 -0.03 17789
-1.18 -0.61 2.11 17893
-0.28 -0.12 1.50 17996
0.03 0.15 0.01 18100
-0.07 0.08 0.21 18203
-0.84 0.18 2.11 18307
-0.09 0.06 0.97 18410
0.32 -0.29 -0.04 18513
-0.02 0.12 0.76 18617
-1.28 -0.47 2.11 18721
-0.06 -0.16 0.15 18824
0.26 0.19 -0.09 18927
-0.15 0.19 1.24 19037
-0.37 -0.26 1.71 19140
0.05 0.31 0.23 19244
-0.08 -0.15 0.14 19347
0.23 -0.43 2.11 19450
-0.39 0.09 0.75 19554
-0.11 0.09 -0.06 19656
-0.21 0.09 2.00 19760
-0.45 0.29 1.73 19863
-0.05 -0.11 0.10 19966
0.18 0.10 -0.01 20070
-1.01 -0.36 2.11 20174
-0.27 -0.08 0.78 20278
0.35 -0.20 -0.09 20381
-0.13 1.19 2.11 20485
-0.31 -0.29 1.88 20588
0.20 0.44 0.22 20691
0.20 0.07 0.07 20795
-0.88 -0.18 2.00 20898
-0.10 0.02 0.82 21002
0.42 0.18 -0.01 21105
-0.33 0.42 1.38 21209
-0.69 -0.75 2.11 21317
-0.41 0.54 0.23 21421
0.22 0.29 0.51 21524
-0.78 -0.18 2.11 21627
-0.47 -0.04 0.52 21731
0.07 -0.16 -0.17 21834
-0.26 0.35 2.11 21938
-0.16 -0.00 0.62 22041
0.16 0.28 0.12 22145
0.05 -0.00 0.46 22248
-0.68 -0.41 2.11 22351
0.02 0.12 -0.09 22455
0.11 0.18 0.01 22558
-0.41 -0.15 2.11 22662
-0.14 0.00 1.17 22765
-0.13 0.08 0.38 22868
0.10 -0.33 -0.12 22972
-1.08 0.49 2.11 23075
0.21 -0.03 0.83 23179
0.36 -0.22 -0.12 23282
-0.29 0.05 0.79 23386
-0.62 -0.34 2.11 23489
0.11 0.16 0.04 23598
-0.16 -0.41 0.28 23702
0.24 -0.52 1.78 23804
-0.40 -0.32 1.62 23909
-0.33 0.13 0.26 24012
0.09 -0.01 -0.10 24116
-0.44 -0.82 1.60 24219
-0.02 0.21 1.13 24323
0.25 -0.55 0.25 24427
0.18 0.30 0.03 24530
-1.26 -0.52 2.11 24634
-0.08 -0.23 0.38 24737
0.32 0.35 -0.18 24841
-0.18 0.26 1.66 24943
-0.81 -0.39 2.11 25048
0.02 0.13 0.06 25151
-0.19 -0.25 -0.00 25254
-0.02 -0.15 2.11 25358
-0.44 -0.36 1.26 25461
0.17 0.09 0.21 25565
0.17 0.03 -0.04 25668
-1.54 0.26 2.11 25772
0.27 0.17 0.46 25881
0.50 -0.03 -0.05 25985
-0.39 0.32 1.35 26088
-0.88 0.52 2.10 26191
-0.09 -0.15 0.05 26295
0.11 0.22 0.08 26398
0.26 0.17 1.82 26502
-0.13 0.24 1.34 26605
-0.18 0.16 0.52 26708
-0.24 0.06 0.08 26810
-1.20 0.10 2.11 26913
-0.01 -0.13 0.58 27017
0.68 0.20 -0.07 27120
-0.60 0.16 1.15 27224
-0.54 -0.21 2.07 27327
0.11 0.04 -0.28 27430
-0.01 0.13 -0.03 27534
-0.45 -0.18 2.11 27638
-0.36 -0.21 1.53 27742
-0.21 0.26 0.47 27845
-0.06 0.18 0.05 27949
-0.73 0.57 2.11 28052
0.14 0.10 0.51 28162
0.41 0.07 -0.36 28265
-0.35 -0.15 2.11 28368
-0.21 0.61 1.75 28472
0.19 -0.03 -0.15 28575
0.22 0.50 0.13 28679
0.36 -0.95 1.30 28782
-0.28 0.17 1.16 28886
-0.03 0.10 0.21 28989
-0.03 0.08 0.50 29092
-0.99 0.12 2.11 29196
0.03 -0.14 0.42 29299
0.41 0.34 -0.10 29403
-0.17 0.08 0.48 29506
-1.51 -0.38 2.11 29609
0.02 0.21 0.24 29713
0.35 -0.36 0.13 29816
-0.53 0.24 2.11 29920
-0.61 -0.22 2.11 30023
-0.01 -0.06 0.08 30128
0.18 -0.17 -0.05 30231
-0.62 0.25 2.11 30334
-0.88 0.04 2.04 30444
-0.06 0.15 -0.07 30547
-0.09 -0.27 0.23 30651
0.07 -0.49 1.69 30754
-0.37 -0.30 1.74 30858
0.06 -0.01 0.11 30962
0.29 -0.05 -0.09 31066
-0.43 -0.10 2.11 31169
0.09 -0.04 1.13 31272
0.04 0.07 0.17 31376
-0.38 -0.07 1.58 31479
-0.58 -0.39 2.11 31581
0.20 0.09 0.29 31684
0.52 -0.14 -0.14 31788
-0.63 -0.18 2.11 31891
-0.50 -0.14 2.04 31994
0.18 0.08 0.19 32098
-0.07 0.05 0.08 32202
-0.25 -0.63 1.61 32306
-0.45 -0.27 1.78 32409
0.07 0.02 0.01 32513
0.01 -0.14 -0.04 32616
0.21 0.38 1.63 32726
-0.19 -0.36 1.19 32829
0.04 0.11 0.01 32932
-0.21 -0.18 0.40 33036
-0.61 -0.48 2.11 33139
-0.04 -0.09 0.57 33243
0.27 -0.08 -0.12 33347
-0.38 0.16 1.87 33451
-0.30 -0.22 2.11 33554
0.15 0.21 0.30 33657
0.19 0.03 0.19 33759
-0.01 -0.12 1.10 33862
-0.92 -0.32 2.11 33966
0.09 0.05 0.12 34070
0.27 -0.15 -0.07 34173
0.01 0.25 1.32 34277
-0.16 0.01 1.71 34380
-0.13 0.00 -0.00 34484
-0.15 0.01 -0.18 34587
-0.65 -0.58 2.02 34691
0.04 -0.33 1.70 34795
0.03 0.08 0.20 34898
0.05 0.17 -0.01 35008
-0.85 -0.13 2.11 35111
0.23 0.20 0.64 35215
0.46 0.14 -0.07 35318
-0.20 0.14 1.13 35422
-0.81 -0.45 2.11 35525
-0.05 -0.10 0.23 35629
0.31 0.13 -0.15 35733
0.06 0.04 1.82 35836
-0.04 0.21 1.38 35940
-0.11 -0.03 0.61 36043
0.06 0.12 0.14 36147
-0.89 0.05 2.11 36250
-0.08 -0.01 0.66 36355
0.38 0.37 -0.30 36458
-0.14 0.42 1.82 36561
-0.26 -0.22 1.79 36665
0.04 0.22 -0.03 36768
0.02 -0.08 -0.03 36872
-0.53 -0.64 2.11 36975
-0.11 -0.08 1.18 37080
0.59 -0.18 0.11 37183
-0.04 0.40 0.86 37292
-0.56 0.08 2.11 37396
-0.21 -0.10 -0.04 37499
-0.19 -0.10 0.21 37603
0.33 -0.59 1.82 37706
-0.44 0.05 1.51 37810
0.15 -0.11 0.16 37913
