-0.01 0.01 0.99 2755
0.02 0.05 1.01 2860
0.08 0.02 1.03 2963
0.03 0.02 1.00 3066
-0.02 0.06 1.02 3170
0.00 0.02 1.02 3273
0.01 0.00 1.01 3375
0.02 -0.04 1.11 3479
0.02 -0.03 1.17 3582
-0.06 -0.04 1.07 3686
0.01 0.03 0.83 3790
0.03 0.02 0.68 3894
0.05 0.01 1.03 3997
-0.17 0.07 1.04 4101
-0.24 0.07 0.88 4204
-0.17 0.13 0.85 4307
-0.27 0.23 0.90 4411
-0.32 0.06 1.26 4514
-0.37 0.13 0.90 4618
-0.23 -0.07 0.91 4721
-0.40 -0.28 1.71 4825
-0.27 0.02 0.84 4928
0.11 0.14 -0.03 5031
-0.12 0.15 0.54 5143
-0.66 0.02 2.10 5246
-0.05 0.01 1.10 5350
0.16 0.04 0.06 5453
-0.05 -0.08 0.86 5557
-0.71 -0.75 2.10 5660
-0.04 -0.12 0.82 5764
0.07 0.03 -0.17 5867
-0.07 0.02 1.23 5970
0.05 -0.26 2.10 6074
0.04 0.24 0.77 6177
0.27 0.01 -0.01 6281
0.01 -0.34 1.78 6385
-0.32 -0.42 2.10 6489
0.08 -0.01 0.11 6592
0.10 0.17 -0.08 6695
0.03 0.19 1.35 6799
-0.37 0.06 2.02 6902
-0.13 0.07 0.03 7006
-0.03 -0.24 0.01 7110
-0.33 -0.12 1.66 7214
0.16 -0.07 1.26 7317
0.17 -0.14 0.42 7420
0.16 0.20 -0.11 7529
-0.65 -0.12 2.10 7632
0.01 0.09 0.68 7737
0.47 0.18 -0.12 7839
0.08 -0.02 0.10 7941
-1.19 -0.12 2.10 8044
0.09 -0.24 0.39 8147
0.27 0.08 -0.12 8252
-0.11 0.21 0.70 8354
-0.74 -0.32 2.10 8459
0.19 0.16 0.13 8562
0.04 -0.01 -0.07 8666
-0.44 -0.21 2.08 8769
-0.75 -0.36 2.10 8872
0.03 -0.04 -0.02 8976
0.16 0.15 -0.13 9080
-0.18 0.36 2.10 9183
0.04 0.13 1.49 9287
-0.21 -0.11 0.17 9391
-0.15 0.11 0.12 9494
-0.84 -0.04 1.95 9597
-0.05 0.05 1.32 9701
-0.09 -0.35 0.68 9804
0.06 0.33 0.35 9914
-0.40 -0.14 2.10 10017
-0.18 0.29 -0.02 10121
-0.04 -0.11 -0.08 10224
-0.24 -0.27 2.10 10328
0.08 -0.16 2.10 10432
0.04 0.05 0.08 10534
0.41 0.38 0.04 10638
0.08 -0.40 1.85 10741
-0.15 0.29 0.57 10846
0.44 0.04 0.03 10948
0.22 -0.10 -0.06 11053
-1.39 0.39 2.10 11156
0.07 -0.33 0.59 11259
0.45 0.01 -0.13 11363
0.05 0.32 0.40 11467
-0.76 -0.17 2.10 11571
0.01 0.10 -0.12 11674
0.15 -0.12 -0.10 11778
-0.16 -0.04 1.42 11881
-0.58 0.19 2.10 11985
-0.23 0.15 0.08 12089
0.26 -0.04 -0.11 12198
0.40 0.10 1.99 12302
0.36 0.16 1.53 12405
-0.03 0.20 0.03 12509
0.23 0.04 -0.03 12612
-0.54 0.20 2.10 12716
-0.05 -0.29 0.90 12819
0.05 0.09 0.26 12922
0.33 0.67 0.34 13024
-0.62 -0.73 2.10 13127
0.14 0.10 0.70 13231
0.27 0.08 -0.05 13334
-0.25 0.26 1.31 13437
-0.56 -0.25 2.10 13542
0.01 -0.20 0.51 13645
0.34 0.16 -0.18 13749
-0.38 0.73 2.10 13852
-0.55 0.03 2.10 13956
0.05 0.07 0.35 14059
0.30 -0.01 0.09 14163
-0.18 -0.07 1.80 14267
-0.35 0.22 1.98 14370
0.02 -0.18 0.08 14474
0.20 0.04 -0.06 14583
0.31 -0.11 1.52 14687
0.03 0.11 1.58 14790
-0.11 0.02 -0.03 14894
-0.08 0.21 0.03 14998
-0.06 -0.00 1.43 15101
-0.15 -0.16 1.73 15205
-0.07 0.11 -0.05 15308
0.00 0.17 0.00 15412
0.12 -0.21 1.25 15516
-0.06 -0.16 1.43 15620
-0.18 0.10 0.09 15723
-0.03 0.29 -0.04 15826
-0.29 -0.37 1.72 15930
-0.07 -0.17 1.61 16033
0.06 0.10 0.21 16137
-0.05 0.12 -0.05 16241
-0.33 -0.36 1.81 16345
-0.09 -0.29 1.23 16448
-0.22 0.13 0.15 16551
-0.03 0.06 -0.05 16655
-0.19 -0.03 1.96 16759
0.05 -0.08 1.47 16863
-0.02 0.20 0.13 16966
0.02 0.06 -0.01 17068
0.19 -0.35 1.94 17171
0.15 -0.22 1.18 17275
0.12 0.07 0.08 17379
0.03 -0.06 -0.00 17482
-0.14 -0.26 2.10 17586
0.41 -0.41 1.14 17689
0.08 0.10 0.05 17794
0.02 0.14 0.03 17897
-0.41 0.15 2.10 18000
0.10 -0.10 1.14 18104
-0.02 -0.07 -0.05 18207
-0.40 -0.12 1.15 18311
-0.12 -0.51 2.02 18414
-0.00 0.12 1.18 18518
0.13 0.10 0.02 18621
-0.13 0.15 0.93 18725
-0.29 0.14 2.10 18829
-0.00 0.03 0.93 18932
0.02 -0.08 -0.08 19036
-0.57 -0.16 1.36 19139
-0.36 -0.66 2.08 19243
-0.25 -0.01 1.26 19346
0.16 0.06 -0.20 19449
-0.03 0.04 0.18 19553
-0.99 -0.28 2.10 19657
-0.01 0.17 1.12 19761
-0.02 -0.02 -0.07 19864
0.02 -0.09 0.07 19968
-0.63 -0.01 2.01 20071
-0.30 -0.11 1.83 20175
-0.03 0.15 0.08 20279
0.04 0.13 -0.04 20382
-0.41 0.13 1.80 20486
-0.46 -0.16 1.68 20589
-0.12 0.15 -0.22 20692
0.20 0.28 -0.12 20796
-0.60 -0.75 2.10 20899
-0.32 -0.14 1.28 21003
0.21 0.20 0.19 21106
0.23 -0.06 -0.36 21208
-1.11 0.30 2.10 21311
-0.11 0.35 0.91 21415
0.04 -0.08 0.06 21518
0.13 0.04 -0.11 21622
-1.04 0.15 2.10 21726
-0.19 -0.16 1.05 21829
0.03 0.16 0.41 21933
0.30 -0.06 -0.12 22037
-0.94 -0.00 2.10 22140
-0.21 0.12 0.74 22244
0.08 0.12 0.36 22347
0.36 0.25 0.05 22449
-1.23 -0.16 2.10 22552
-0.11 -0.11 0.62 22657
0.34 0.14 -0.20 22760
0.19 0.05 -0.01 22863
-0.98 0.43 2.10 22967
0.18 0.14 0.66 23070
0.09 0.08 -0.06 23174
0.09 -0.06 0.21 23277
-1.15 0.08 2.10 23380
-0.16 0.07 0.71 23482
0.33 -0.12 0.17 23585
0.08 0.07 0.10 23687
-0.83 0.19 2.10 23790
0.16 -0.01 0.72 23895
0.28 0.06 0.14 23997
-0.08 -0.26 0.60 24100
-0.80 -0.16 2.10 24205
0.05 0.11 0.45 24308
0.15 -0.13 0.14 24412
-0.25 0.20 2.10 24515
-0.52 -0.02 2.10 24619
-0.01 0.27 0.15 24723
0.25 -0.33 0.18 24826
0.05 -0.32 1.68 24930
-0.24 -0.33 2.07 25033
0.15 0.07 0.02 25137
0.33 0.02 -0.08 25241
0.02 0.13 1.70 25345
-0.42 -0.15 2.10 25448
0.02 0.22 -0.21 25551
0.05 -0.21 0.09 25655
-0.10 -0.44 1.81 25759
-0.33 -0.18 1.92 25863
-0.04 -0.08 -0.07 25972
0.17 0.10 -0.16 26076
-0.20 -0.16 1.64 26179
-0.17 0.02 1.55 26283
-0.19 0.18 -0.14 26387
0.06 0.10 -0.10 26490
-0.01 -0.16 1.70 26594
-0.19 -0.15 1.64 26697
-0.14 0.02 0.27 26801
-0.00 0.09 -0.03 26905
-0.83 -0.04 2.10 27009
0.21 0.12 0.74 27112
-0.04 0.04 0.03 27215
0.12 -0.01 0.12 27319
-1.06 0.56 2.10 27422
0.04 -0.11 0.59 27526
0.33 -0.03 -0.04 27630
-0.27 0.35 0.75 27734
-0.77 -0.26 2.10 27838
-0.08 0.23 -0.02 27941
0.44 -0.07 -0.21 28045
-0.45 0.04 1.81 28148
-0.45 -0.08 2.10 28252
0.20 -0.02 -0.00 28356
0.34 0.03 -0.07 28460
-0.48 0.74 2.10 28563
-0.59 -0.20 2.10 28666
0.01 0.35 -0.02 28770
0.14 -0.10 -0.02 28874
-0.32 -0.18 2.10 28978
-0.34 -0.26 2.00 29081
-0.03 0.01 -0.00 29185
0.27 0.17 -0.02 29289
-0.10 -0.11 2.03 29392
-0.21 0.13 1.71 29496
0.19 -0.02 -0.20 29599
0.18 0.07 -0.01 29704
-0.27 -0.11 1.97 29807
-0.41 -0.21 1.83 29911
-0.22 0.13 -0.04 30014
-0.12 0.20 0.03 30118
-0.32 -0.11 2.10 30222
-0.54 -0.03 1.62 30325
-0.00 0.24 -0.12 30435
-0.01 0.13 0.06 30538
0.01 -0.91 0.99 30642
-0.23 -0.42 1.53 30745
0.11 0.17 -0.10 30850
-0.00 0.19 0.00 30953
0.08 -0.18 1.56 31056
-0.29 -0.25 1.64 31160
-0.06 0.12 0.05 31264
0.21 -0.10 0.08 31368
0.02 -0.16 1.46 31471
-0.17 -0.47 1.52 31575
-0.02 0.27 -0.16 31678
-0.04 -0.10 -0.06 31782
-0.02 -0.38 1.88 31886
-0.42 -0.08 1.58 31989
-0.15 0.19 0.12 32093
0.37 -0.40 0.03 32196
-0.48 0.29 1.70 32300
-0.12 -0.52 1.65 32403
0.01 0.05 -0.03 32506
-0.04 0.08 0.03 32608
0.13 -0.50 1.44 32717
-0.31 -0.08 1.47 32821
-0.02 -0.05 0.08 32924
0.11 0.21 -0.16 33028
-0.81 0.22 2.10 33131
-0.52 0.03 1.82 33234
-0.04 0.05 0.03 33339
-0.08 -0.02 -0.04 33442
0.14 -0.42 1.37 33546
-0.35 -0.21 1.60 33649
-0.07 0.11 -0.08 33754
0.07 0.05 -0.06 33857
-0.88 -0.16 2.10 33960
-0.18 -0.02 1.45 34064
-0.06 0.04 0.09 34167
0.09 0.10 -0.10 34271
-0.46 -0.08 1.78 34374
-0.43 0.02 1.60 34478
-0.21 0.27 -0.16 34581
0.06 0.04 -0.27 34684
-0.48 -0.36 1.77 34789
-0.58 -0.26 1.55 34892
-0.08 0.10 0.23 35001
-0.27 0.13 -0.09 35104
-0.43 0.44 2.10 35208
-0.18 -0.13 1.11 35312
-0.08 0.13 0.35 35416
0.24 0.09 0.11 35519
-0.96 -0.25 2.10 35623
-0.14 0.04 1.17 35727
0.05 0.22 0.61 35830
-0.13 0.06 0.05 35934
-0.65 0.04 2.10 36037
0.00 0.18 0.60 36141
0.50 -0.14 -0.09 36244
-0.08 0.15 0.42 36348
-0.66 -0.12 2.10 36452
0.09 -0.16 0.52 36555
0.35 0.09 -0.01 36659
-0.19 0.13 0.94 36762
-1.02 -0.67 2.10 36866
0.02 0.35 0.27 36969
0.19 -0.32 -0.09 37073
-0.28 -0.06 2.10 37177
-0.47 -0.42 1.88 37285
-0.24 0.07 -0.05 37390
0.10 0.11 -0.04 37493
-0.08 -0.18 2.02 37597
-0.14 0.35 1.28 37700
0.02 -0.00 0.34 37804
0.11 0.07 0.02 37908
