0.04 -0.02 1.05 2721
-0.02 -0.10 1.41 2825
0.04 -0.12 0.85 2928
0.07 -0.36 0.97 3032
0.14 -0.05 0.53 3135
0.01 -0.06 1.00 3238
0.12 -0.11 1.44 3342
0.04 0.13 0.95 3445
0.16 0.18 1.03 3549
0.14 0.04 0.50 3652
-0.05 0.02 0.94 3755
0.14 0.06 1.37 3858
0.25 -0.19 0.95 3961
0.16 -0.34 1.08 4065
0.21 -0.02 0.45 4168
0.09 -0.04 0.84 4272
0.15 -0.13 1.40 4375
0.05 0.12 0.98 4478
0.02 0.15 1.21 4582
0.16 0.04 0.52 4685
-0.09 -0.01 0.81 4789
-0.03 0.05 1.41 4893
0.20 -0.13 1.08 4997
0.01 -0.36 1.27 5106
0.16 -0.08 0.53 5210
-0.01 -0.08 0.70 5313
0.04 -0.21 1.40 5416
0.18 -0.07 1.12 5520
0.07 0.29 1.27 5623
0.17 0.07 0.47 5727
-0.02 -0.04 0.74 5830
-0.06 0.00 1.41 5934
0.03 -0.12 1.51 6038
-0.05 -0.38 1.25 6141
0.11 -0.22 0.56 6244
-0.05 0.08 0.70 6348
-0.01 -0.24 1.36 6452
0.22 -0.02 1.45 6555
0.00 0.21 1.31 6659
0.09 0.15 0.45 6762
0.03 -0.02 0.66 6865
0.00 -0.04 1.44 6970
0.17 -0.09 1.46 7072
0.20 -0.27 1.21 7176
0.26 -0.12 0.52 7279
0.06 0.00 0.66 7383
0.08 -0.02 1.34 7486
0.19 0.03 1.20 7589
0.10 0.17 1.37 7693
0.18 0.19 0.36 7796
-0.05 -0.05 0.82 7900
0.01 -0.01 1.48 8003
0.22 -0.08 1.02 8107
0.13 -0.23 1.26 8210
0.16 0.03 0.44 8313
-0.02 -0.03 0.74 8417
0.15 -0.19 1.57 8520
0.11 0.06 0.92 8624
0.21 0.12 1.07 8727
0.14 0.01 0.46 8830
-0.04 0.03 0.87 8934
0.11 -0.00 1.46 9037
0.18 -0.12 0.83 9141
0.18 -0.25 1.14 9244
0.12 0.02 0.45 9348
-0.06 0.03 0.88 9451
0.09 -0.11 1.40 9554
0.12 0.18 1.11 9658
0.12 0.03 1.07 9761
0.14 0.01 0.41 9864
-0.11 0.10 0.99 9973
0.14 0.12 1.34 10077
0.07 0.05 0.88 10180
0.07 -0.22 0.98 10284
0.16 0.03 0.50 10387
0.09 -0.03 1.00 10490
0.39 -0.13 1.35 10594
0.17 0.12 1.08 10697
0.24 0.20 0.74 10801
0.14 -0.02 0.55 10904
0.11 0.06 1.07 11008
0.20 -0.02 1.29 11111
0.14 -0.13 1.36 11214
0.17 -0.29 0.86 11318
0.06 0.06 0.53 11421
0.03 -0.04 1.06 11525
0.25 -0.19 1.23 11628
0.11 0.09 1.23 11732
0.16 0.16 0.78 11836
0.16 -0.06 0.55 11939
-0.04 0.09 1.06 12043
0.09 -0.01 1.22 12146
0.07 -0.23 1.14 12250
0.08 -0.33 0.88 12359
0.07 -0.00 0.48 12463
0.04 -0.04 1.13 12566
0.14 -0.18 1.26 12668
0.04 0.15 1.17 12772
0.24 0.07 0.77 12875
0.11 0.04 0.51 12979
-0.05 0.08 1.07 13082
0.10 0.02 1.25 13186
0.14 -0.11 1.02 13289
0.22 -0.23 0.87 13392
0.03 0.08 0.53 13497
-0.05 -0.05 1.06 13600
0.10 -0.18 1.34 13704
0.06 0.18 1.25 13807
0.12 0.08 0.80 13911
0.05 0.00 0.53 14014
-0.15 0.08 1.08 14117
0.11 0.04 1.31 14220
-0.03 -0.05 1.10 14324
0.09 -0.24 0.99 14428
0.08 0.03 0.49 14531
-0.01 0.01 1.02 14635
0.18 -0.10 1.28 14738
0.01 0.15 1.28 14842
0.18 0.33 0.70 14946
0.19 -0.02 0.57 15049
0.01 0.08 1.07 15153
0.09 0.04 1.30 15256
0.02 -0.01 1.10 15360
0.06 -0.17 1.05 15463
0.08 -0.02 0.46 15566
-0.03 -0.05 1.03 15670
0.23 -0.17 1.39 15774
0.15 0.13 0.92 15878
0.18 0.20 0.89 15981
0.16 -0.04 0.58 16084
-0.06 -0.01 0.98 16188
0.14 0.13 1.34 16291
0.04 -0.06 0.80 16395
-0.01 -0.18 1.06 16498
0.09 0.04 0.48 16602
-0.11 0.04 0.92 16705
0.13 0.00 1.34 16808
0.01 0.16 0.91 16912
0.11 0.24 1.02 17021
0.27 0.17 0.55 17124
0.01 0.08 1.00 17227
0.11 0.12 1.32 17331
0.04 0.01 0.96 17434
0.07 -0.03 0.99 17538
0.13 0.06 0.58 17641
-0.04 0.02 0.97 17744
0.11 -0.04 1.23 17848
0.10 0.20 1.12 17951
-0.01 0.21 0.87 18055
0.09 0.10 0.60 18158
0.02 0.15 1.13 18262
0.08 0.24 1.26 18365
0.10 0.00 1.23 18468
0.17 -0.15 0.94 18572
0.09 0.05 0.57 18675
-0.05 -0.03 1.10 18779
0.10 0.01 1.33 18882
0.00 0.27 1.29 18985
0.14 0.29 0.69 19089
0.01 0.06 0.64 19192
-0.01 0.12 1.21 19296
-0.03 0.17 1.15 19405
-0.07 -0.18 1.37 19509
0.25 0.04 0.68 19612
-0.05 -0.00 0.71 19716
0.07 -0.09 1.38 19819
0.17 0.03 1.29 19922
0.20 0.28 1.25 20026
0.12 0.16 0.43 20129
-0.08 0.00 0.86 20233
0.00 0.09 1.38 20336
0.11 -0.09 1.17 20440
0.10 -0.30 1.24 20544
0.20 -0.00 0.47 20646
-0.08 0.02 0.77 20750
0.07 -0.06 1.40 20854
0.14 0.07 0.92 20958
0.04 0.20 1.24 21061
0.15 0.08 0.44 21165
-0.08 -0.01 0.91 21268
0.10 0.08 1.44 21371
0.18 0.00 0.67 21475
-0.06 -0.18 1.13 21578
0.15 0.00 0.49 21682
-0.11 0.01 0.92 21785
0.15 -0.06 1.39 21889
0.06 0.05 0.97 21992
0.20 0.22 1.14 22095
0.15 -0.01 0.47 22199
-0.04 -0.03 0.99 22302
0.11 0.01 1.38 22406
-0.00 -0.04 0.81 22510
0.01 -0.20 1.13 22614
0.16 -0.05 0.42 22717
-0.07 0.02 1.02 22820
0.12 -0.12 1.38 22924
-0.02 0.15 1.06 23027
0.15 0.17 0.92 23131
0.08 0.05 0.51 23234
-0.07 0.02 1.04 23337
0.04 0.06 1.32 23441
-0.00 -0.09 0.97 23544
0.04 -0.26 0.98 23648
0.14 -0.05 0.49 23751
-0.06 -0.10 0.97 23855
0.01 -0.19 1.27 23958
-0.11 0.22 1.36 24068
0.23 0.16 0.72 24171
0.08 -0.04 0.54 24274
-0.01 0.05 1.08 24378
0.10 -0.08 1.33 24481
0.01 -0.29 1.31 24585
0.10 -0.27 0.76 24688
0.08 0.01 0.60 24792
0.01 -0.05 1.10 24895
0.07 -0.10 1.26 24998
0.13 0.20 1.27 25102
0.11 0.15 0.78 25205
0.06 0.01 0.59 25310
-0.07 0.03 1.10 25413
0.01 0.02 1.26 25517
0.04 -0.15 1.00 25620
0.01 -0.10 0.92 25723
0.11 0.05 0.54 25827
-0.07 -0.05 1.11 25930
0.08 -0.11 1.26 26034
-0.02 0.25 1.10 26137
0.08 0.12 0.99 26241
0.11 0.05 0.50 26344
-0.04 0.07 1.11 26447
0.11 0.06 1.31 26551
0.04 -0.06 0.90 26654
0.06 -0.22 0.99 26758
0.12 -0.01 0.50 26861
-0.04 -0.11 0.99 26966
0.12 -0.07 1.36 27069
0.03 0.16 1.13 27172
0.22 0.14 0.87 27276
0.05 0.01 0.54 27379
-0.13 0.06 1.18 27483
0.11 0.09 1.32 27585
0.02 -0.12 0.93 27689
0.10 -0.18 1.06 27793
0.20 0.02 0.48 27896
-0.05 -0.01 0.95 28000
0.10 -0.05 1.39 28103
0.02 0.17 0.96 28207
0.03 0.12 1.12 28310
0.16 -0.01 0.54 28413
-0.08 0.03 0.97 28518
0.12 -0.00 1.30 28621
0.05 -0.02 1.06 28730
-0.05 -0.16 1.04 28833
0.08 0.01 0.51 28937
-0.06 -0.08 0.86 29041
0.11 -0.10 1.41 29144
0.17 -0.02 0.80 29247
0.04 0.07 1.26 29350
0.22 0.01 0.52 29454
-0.07 0.01 0.82 29557
0.10 0.08 1.28 29661
0.13 -0.13 1.33 29764
0.12 -0.24 1.22 29868
0.01 -0.09 0.71 29972
-0.04 -0.04 0.69 30075
0.03 -0.15 1.22 30178
0.12 -0.17 1.54 30281
0.12 0.17 1.24 30385
0.16 0.04 0.75 30488
0.11 -0.06 0.74 30593
0.02 -0.00 1.07 30695
0.02 -0.13 1.26 30798
-0.02 -0.10 0.90 30902
-0.04 -0.23 1.02 31011
0.05 0.00 0.61 31115
-0.08 -0.08 0.92 31218
-0.05 -0.26 1.36 31322
-0.01 -0.08 0.61 31425
-0.07 -0.00 1.17 31528
0.17 -0.05 0.57 31632
-0.06 -0.13 0.88 31735
0.12 -0.02 1.20 31839
0.23 -0.23 1.16 31943
0.17 -0.26 1.14 32047
0.05 -0.06 0.72 32150
-0.02 -0.10 0.75 32253
0.01 -0.21 1.28 32357
0.17 -0.06 1.43 32460
0.30 0.19 1.22 32564
0.15 -0.01 0.74 32667
-0.02 -0.06 0.75 32772
-0.10 -0.02 1.04 32874
0.00 -0.14 1.34 32978
0.02 -0.22 1.13 33082
-0.06 -0.33 0.97 33185
0.11 -0.04 0.58 33294
-0.07 -0.13 1.09 33397
0.05 -0.18 1.26 33501
-0.01 0.15 1.12 33604
0.01 0.13 1.01 33708
0.09 -0.02 0.56 33811
-0.11 0.02 1.07 33914
0.13 -0.05 1.36 34018
-0.01 -0.13 0.68 34122
-0.07 -0.27 1.09 34226
0.12 -0.02 0.46 34329
-0.02 -0.15 0.91 34433
0.15 -0.10 1.43 34536
-0.01 0.03 0.94 34639
0.10 0.14 1.05 34743
0.15 0.04 0.52 34846
-0.09 0.02 0.96 34950
0.13 0.03 1.41 35053
0.17 -0.07 0.75 35158
0.05 -0.28 1.19 35261
0.17 0.03 0.44 35364
-0.10 -0.05 0.84 35468
0.06 -0.16 1.45 35571
0.06 0.09 0.85 35675
0.05 0.04 1.21 35777
0.13 0.08 0.45 35880
-0.05 -0.02 0.87 35984
0.16 0.06 1.39 36087
0.25 -0.09 1.04 36191
0.04 -0.25 1.25 36295
0.13 -0.02 0.52 36399
-0.04 -0.01 0.74 36502
0.10 -0.17 1.36 36605
0.27 0.01 1.28 36709
0.31 0.21 1.19 36812
0.07 0.09 0.53 36916
-0.00 0.06 0.85 37019
0.07 0.03 1.40 37123
0.24 -0.03 1.46 37226
0.20 -0.28 1.25 37329
0.21 -0.12 0.53 37433
-0.01 0.03 0.63 37536
0.22 -0.21 1.44 37638
0.32 0.13 1.30 37741
0.26 0.23 1.30 37846
