0.05 -0.03 1.01 2735
0.04 0.01 1.00 2838
0.01 0.00 1.02 2942
-0.05 -0.01 1.02 3046
-0.11 0.03 1.03 3149
-0.19 -0.02 1.02 3251
-0.14 -0.19 1.05 3355
-0.23 -0.02 0.88 3459
-0.32 -0.14 0.98 3562
-0.17 -0.19 1.12 3665
-0.23 -0.09 1.18 3769
-0.14 0.07 1.03 3872
-0.22 0.12 0.98 3976
-0.08 0.11 0.65 4079
-0.19 0.05 0.91 4183
-0.11 0.02 1.31 4286
0.05 -0.13 1.12 4390
0.03 -0.33 1.27 4494
0.04 -0.18 0.43 4596
-0.18 -0.01 0.69 4701
-0.14 -0.07 1.42 4804
-0.07 0.06 1.34 4907
0.00 0.22 1.14 5010
0.18 0.17 0.66 5120
-0.09 0.04 0.71 5223
-0.11 0.04 1.24 5326
-0.14 -0.05 1.24 5430
-0.03 -0.31 1.22 5533
0.04 -0.25 0.66 5637
-0.06 0.02 0.67 5740
-0.13 -0.04 1.15 5844
-0.11 -0.16 1.22 5948
-0.16 0.09 1.00 6051
-0.01 0.12 0.94 6155
0.02 0.03 0.62 6258
-0.12 0.07 0.96 6362
-0.03 -0.01 1.28 6465
0.05 -0.15 0.99 6568
0.01 -0.30 1.30 6673
0.10 -0.04 0.51 6776
-0.15 0.02 0.75 6880
-0.10 -0.17 1.30 6983
0.03 0.04 1.27 7087
0.01 0.17 1.28 7190
0.05 0.12 0.67 7293
-0.06 0.03 0.78 7397
-0.03 0.04 1.08 7506
-0.13 -0.07 1.25 7610
-0.15 -0.25 1.09 7713
-0.07 -0.24 0.89 7817
-0.05 0.02 0.65 7920
-0.20 -0.07 1.04 8024
-0.08 -0.08 1.33 8127
-0.13 0.07 0.86 8230
0.00 0.10 0.96 8334
0.04 -0.02 0.70 8437
-0.13 -0.01 0.91 8541
-0.06 0.08 1.40 8644
0.11 -0.19 0.99 8749
-0.14 -0.19 1.10 8852
0.09 -0.01 0.51 8955
-0.09 0.03 0.82 9059
-0.07 -0.12 1.52 9162
0.11 0.07 1.07 9265
-0.03 0.05 1.18 9368
0.17 0.17 0.57 9472
-0.10 0.05 0.79 9575
-0.06 0.08 1.35 9678
0.02 -0.14 1.50 9782
-0.04 -0.30 1.30 9891
0.07 -0.02 0.56 9995
-0.15 0.03 0.79 10098
-0.03 -0.10 1.32 10202
-0.04 0.04 1.43 10305
-0.02 0.23 1.15 10409
0.10 0.10 0.61 10513
-0.09 0.02 0.76 10616
-0.08 -0.00 1.21 10720
-0.07 -0.06 1.62 10823
-0.06 -0.27 1.29 10927
0.03 -0.06 0.61 11030
-0.08 -0.04 0.75 11133
-0.04 -0.12 1.16 11237
-0.05 -0.02 1.31 11341
0.08 0.08 1.34 11445
0.10 0.17 0.65 11548
-0.05 -0.02 0.70 11652
-0.06 -0.04 1.10 11755
-0.07 -0.14 1.19 11859
0.00 -0.26 1.18 11963
0.08 -0.29 0.82 12066
-0.04 -0.03 0.66 12175
-0.11 -0.13 1.18 12278
-0.03 -0.13 1.32 12382
-0.02 0.14 1.19 12486
0.07 0.05 0.85 12589
0.05 0.00 0.64 12692
-0.15 -0.01 1.06 12796
-0.12 -0.03 1.31 12900
-0.07 -0.07 0.81 13003
-0.20 -0.22 1.06 13107
0.06 -0.04 0.58 13210
-0.12 -0.10 0.84 13314
-0.08 -0.16 1.34 13417
-0.07 -0.01 0.90 13520
-0.15 0.09 1.20 13624
0.08 0.01 0.60 13727
-0.21 -0.03 0.87 13831
-0.11 0.05 1.35 13935
0.07 -0.14 1.24 14039
-0.06 -0.26 1.20 14142
-0.02 -0.06 0.55 14245
-0.13 0.01 0.78 14349
-0.11 -0.13 1.28 14457
-0.04 0.08 1.45 14561
0.07 0.20 1.25 14664
0.05 0.04 0.63 14768
-0.10 0.05 0.75 14871
-0.09 0.02 1.13 14974
0.04 -0.11 1.33 15078
-0.06 -0.24 1.19 15181
-0.13 -0.14 0.85 15286
-0.05 0.02 0.67 15389
-0.14 -0.05 1.08 15493
-0.08 -0.12 1.23 15595
0.03 0.14 1.06 15698
-0.09 0.12 1.07 15802
0.01 0.09 0.55 15905
-0.20 -0.03 0.98 16009
-0.05 0.05 1.33 16113
-0.05 -0.06 0.94 16217
-0.13 -0.23 1.10 16320
0.11 0.07 0.60 16423
-0.13 -0.06 0.78 16527
-0.02 -0.14 1.37 16630
0.09 0.04 1.05 16740
-0.07 0.16 1.18 16843
0.02 0.13 0.57 16947
-0.15 0.04 0.80 17050
-0.11 0.06 1.30 17154
-0.01 -0.11 1.47 17257
-0.07 -0.31 1.25 17360
0.05 -0.04 0.61 17464
-0.13 -0.08 0.77 17567
0.01 -0.15 1.19 17671
-0.12 -0.05 1.39 17774
-0.02 0.16 1.39 17878
-0.02 0.21 0.59 17981
0.00 -0.01 0.73 18084
-0.11 0.00 1.10 18186
-0.08 0.01 1.28 18289
-0.01 -0.11 1.17 18393
0.03 -0.10 0.82 18496
-0.03 0.07 0.64 18599
-0.16 -0.01 1.12 18703
-0.05 -0.02 1.23 18806
-0.08 0.12 1.03 18910
0.06 0.14 0.97 19019
0.05 0.10 0.60 19123
-0.17 0.06 1.02 19226
-0.06 0.13 1.28 19330
-0.13 0.03 0.91 19433
-0.09 -0.22 1.08 19536
0.11 0.06 0.58 19640
-0.12 0.00 0.86 19743
-0.09 -0.11 1.37 19847
0.06 0.07 1.03 19950
-0.13 0.11 1.23 20054
0.14 0.21 0.61 20157
-0.11 0.07 0.79 20260
-0.15 0.04 1.22 20362
-0.12 0.00 1.51 20465
0.00 -0.20 1.32 20569
-0.01 -0.11 0.79 20672
-0.04 0.05 0.71 20776
-0.10 0.00 1.14 20880
-0.06 -0.01 1.29 20983
-0.12 0.29 1.18 21087
0.05 0.25 0.97 21190
0.03 0.07 0.61 21299
-0.14 0.02 1.06 21402
-0.10 0.10 1.26 21506
-0.07 0.06 0.80 21610
-0.11 -0.06 1.08 21713
0.07 0.08 0.67 21816
-0.20 0.02 0.94 21919
-0.04 -0.02 1.25 22023
-0.05 0.07 1.08 22126
-0.01 0.22 1.14 22231
0.00 0.09 0.57 22334
-0.13 0.03 0.88 22437
-0.05 0.09 1.29 22541
-0.16 0.04 1.36 22644
0.02 -0.29 1.35 22748
0.02 0.01 0.59 22851
-0.16 0.03 0.79 22955
-0.06 -0.07 1.12 23058
-0.15 0.04 1.51 23161
0.04 0.21 1.23 23265
-0.00 0.15 0.69 23368
-0.08 0.05 0.72 23473
-0.13 0.06 1.13 23576
-0.13 0.03 1.21 23680
-0.16 -0.18 1.05 23783
-0.05 -0.16 0.95 23886
-0.06 0.06 0.62 23990
-0.10 -0.03 0.99 24093
-0.04 -0.11 1.30 24197
-0.12 0.06 0.84 24300
-0.06 0.23 1.16 24403
0.04 0.03 0.56 24507
-0.14 0.00 0.87 24611
-0.09 0.14 1.37 24715
0.03 -0.04 0.96 24818
-0.14 -0.19 1.18 24922
0.02 -0.09 0.55 25025
-0.10 -0.02 0.74 25128
-0.03 -0.23 1.29 25232
-0.01 0.00 1.36 25336
0.04 0.18 1.14 25440
-0.00 0.12 0.61 25543
-0.09 -0.05 0.74 25647
-0.11 0.07 1.26 25750
-0.02 -0.04 1.68 25853
0.03 -0.44 1.32 25957
0.07 -0.16 0.73 26061
-0.01 -0.09 0.67 26165
-0.07 -0.08 1.18 26268
-0.04 -0.15 1.29 26372
0.02 0.20 1.35 26475
0.03 0.21 0.77 26578
0.03 -0.02 0.63 26683
-0.10 0.12 1.15 26786
-0.05 0.01 1.21 26890
-0.14 -0.25 1.03 26993
-0.01 -0.24 0.98 27097
0.08 -0.01 0.54 27200
-0.14 -0.04 1.01 27304
0.05 -0.23 1.39 27408
-0.07 0.14 0.89 27511
-0.01 0.14 1.02 27615
0.05 0.01 0.53 27719
-0.14 0.01 0.97 27823
-0.04 -0.02 1.34 27926
0.05 -0.22 0.80 28029
-0.03 -0.28 1.13 28134
0.20 -0.08 0.52 28237
-0.00 -0.04 0.69 28341
-0.01 -0.12 1.41 28444
0.13 0.04 0.91 28548
-0.05 0.09 1.25 28651
0.20 0.05 0.54 28754
-0.14 0.06 0.77 28858
-0.10 0.04 1.32 28961
0.00 -0.28 1.57 29065
0.17 -0.38 1.21 29169
0.04 -0.02 0.68 29272
-0.07 0.03 0.69 29375
-0.14 -0.13 1.03 29479
-0.25 -0.07 1.41 29583
-0.17 0.14 1.32 29686
-0.12 0.12 0.84 29788
-0.05 -0.00 0.57 29891
-0.15 -0.09 1.07 29995
-0.07 -0.05 1.31 30098
-0.17 -0.03 1.08 30202
-0.16 -0.25 1.05 30306
-0.03 -0.03 0.51 30409
-0.23 -0.12 1.00 30513
-0.11 -0.21 1.29 30617
-0.10 0.04 0.93 30721
-0.13 0.20 1.22 30824
0.07 -0.01 0.51 30927
-0.18 -0.02 0.93 31031
-0.07 -0.00 1.35 31135
-0.01 -0.02 1.02 31239
-0.16 -0.26 1.17 31342
0.01 0.03 0.65 31446
-0.16 -0.01 0.73 31549
-0.15 -0.12 1.36 31653
0.09 -0.02 1.42 31756
0.00 0.13 1.16 31859
-0.01 0.10 0.76 31963
-0.09 0.03 0.72 32066
-0.16 0.10 1.09 32169
-0.23 0.09 1.20 32273
-0.19 -0.07 0.97 32376
-0.05 -0.04 1.10 32480
0.03 0.04 0.63 32583
-0.25 0.01 0.87 32688
-0.07 -0.11 1.25 32791
-0.12 -0.06 0.93 32894
-0.17 0.09 1.24 32998
0.04 0.01 0.63 33101
-0.14 -0.04 0.83 33205
-0.08 -0.02 1.19 33308
-0.00 -0.20 1.36 33412
-0.10 -0.25 1.22 33515
-0.04 -0.12 0.83 33618
-0.02 -0.03 0.81 33722
-0.10 -0.08 1.10 33825
-0.14 -0.17 1.29 33929
-0.04 0.06 1.05 34032
-0.04 0.06 0.98 34136
-0.05 0.01 0.73 34239
-0.20 -0.09 0.90 34342
-0.11 -0.05 1.15 34446
-0.14 -0.14 1.27 34549
-0.16 -0.18 1.05 34653
-0.02 -0.12 0.72 34757
-0.08 -0.10 0.85 34861
-0.14 -0.21 1.15 34970
-0.13 -0.15 1.37 35074
0.00 0.06 1.26 35176
-0.00 0.01 0.88 35280
-0.15 -0.08 0.81 35384
-0.24 -0.03 0.98 35487
-0.01 -0.11 1.16 35591
-0.13 -0.10 1.07 35694
-0.07 -0.22 1.10 35798
0.01 -0.05 0.70 35902
-0.16 -0.11 0.85 36005
-0.15 -0.23 1.17 36109
-0.16 -0.18 1.24 36212
-0.05 0.10 1.13 36316
-0.04 -0.04 0.86 36419
-0.14 -0.06 0.83 36523
-0.10 -0.02 0.98 36626
-0.02 -0.08 1.21 36730
-0.02 -0.19 0.92 36834
-0.03 -0.28 1.01 36937
-0.06 -0.02 0.69 37041
-0.17 -0.08 0.94 37143
-0.11 -0.17 1.28 37248
-0.09 -0.09 1.30 37351
-0.13 0.09 1.13 37453
-0.04 0.03 0.79 37557
-0.08 -0.08 0.81 37660
-0.17 0.01 1.03 37764
-0.17 -0.08 1.34 37867
