-0.03 0.00 1.03 2755
-0.03 -0.01 0.94 2859
-0.02 0.02 0.90 2962
-0.19 0.04 0.99 3065
-0.31 0.04 0.87 3168
-0.34 0.08 0.78 3271
-0.26 0.12 0.96 3375
-0.34 0.11 1.35 3478
-0.02 -0.16 0.81 3581
-0.17 -0.11 1.04 3685
-0.01 -0.04 0.50 3788
-0.09 0.00 0.63 3892
-0.27 -0.07 1.41 3995
-0.05 -0.01 1.33 4099
-0.14 -0.01 0.91 4202
0.01 0.00 0.36 4305
-0.05 0.05 0.62 4409
-0.20 0.08 1.40 4512
0.04 -0.08 1.67 4616
0.10 -0.28 0.85 4719
0.11 -0.18 0.32 4823
-0.10 -0.02 0.76 4926
-0.15 -0.20 1.34 5029
-0.05 -0.13 1.43 5133
0.16 -0.02 0.75 5236
-0.01 -0.13 0.28 5340
-0.21 -0.11 1.11 5443
-0.25 0.05 1.92 5547
-0.24 -0.34 1.49 5650
0.14 -0.11 0.41 5753
0.08 -0.06 0.37 5857
-0.09 -0.02 1.16 5961
-0.17 -0.09 1.75 6065
-0.20 0.26 1.24 6168
-0.02 0.02 0.41 6272
-0.03 -0.03 0.37 6375
-0.07 0.07 1.25 6478
-0.07 -0.22 1.42 6582
-0.14 -0.27 1.08 6685
-0.01 -0.06 0.31 6789
-0.13 -0.03 0.49 6892
-0.28 -0.03 1.32 6995
-0.01 -0.10 1.60 7099
-0.20 0.16 0.89 7203
0.01 0.01 0.30 7306
-0.10 -0.03 0.63 7415
-0.18 -0.11 1.38 7519
-0.35 -0.03 1.31 7622
0.04 -0.17 0.74 7726
0.12 -0.05 0.37 7829
-0.21 -0.01 0.90 7932
-0.25 -0.07 1.37 8037
-0.21 0.06 1.51 8140
-0.01 0.09 0.60 8244
0.04 -0.03 0.34 8347
-0.25 -0.06 1.05 8451
-0.35 -0.07 1.73 8554
-0.39 -0.19 1.52 8657
0.02 -0.22 0.55 8761
0.01 -0.09 0.33 8864
-0.30 0.06 1.03 8968
-0.46 -0.02 1.73 9071
-0.23 0.16 1.38 9175
-0.08 -0.09 0.59 9278
0.04 -0.09 0.45 9382
-0.12 -0.10 1.11 9486
-0.54 0.07 2.01 9589
-0.35 -0.33 1.27 9693
0.02 -0.27 0.42 9801
-0.05 -0.13 0.36 9905
-0.31 -0.07 1.24 10008
-0.30 0.10 1.84 10112
-0.21 0.25 1.29 10215
-0.04 0.02 0.47 10318
-0.08 -0.02 0.34 10422
-0.35 -0.08 1.12 10525
-0.12 -0.09 1.82 10629
-0.03 -0.26 1.19 10732
0.10 -0.21 0.40 10835
0.03 -0.04 0.47 10939
-0.16 -0.07 1.25 11042
-0.22 -0.04 1.66 11147
-0.13 0.03 1.25 11250
0.16 -0.07 0.43 11354
0.09 -0.09 0.38 11457
-0.14 -0.09 1.19 11560
-0.12 -0.15 1.66 11664
-0.17 -0.34 1.14 11767
0.06 -0.19 0.31 11871
-0.08 -0.02 0.38 11974
-0.24 0.03 1.27 12083
-0.12 -0.03 1.42 12187
-0.18 0.07 1.16 12291
0.09 0.00 0.31 12394
-0.03 -0.11 0.43 12497
-0.26 -0.02 1.30 12602
-0.10 -0.21 1.30 12704
-0.12 -0.32 1.04 12809
0.06 -0.09 0.27 12911
-0.11 0.02 0.48 13015
-0.24 -0.02 1.41 13118
-0.14 0.16 1.51 13221
-0.07 0.14 0.88 13323
0.08 -0.15 0.28 13426
-0.10 -0.13 0.63 13530
-0.27 -0.01 1.47 13633
-0.16 -0.18 1.50 13736
-0.06 -0.24 0.78 13841
0.07 0.00 0.27 13944
-0.21 0.00 0.74 14048
-0.27 -0.04 1.48 14151
-0.15 0.14 1.62 14255
-0.04 0.13 0.71 14364
0.09 -0.05 0.23 14468
-0.25 -0.08 1.02 14571
-0.24 -0.15 1.48 14674
-0.44 -0.22 1.59 14778
-0.09 -0.23 0.61 14881
0.03 -0.02 0.22 14985
-0.25 0.09 1.23 15088
-0.46 0.10 1.89 15192
-0.11 0.10 1.44 15295
0.17 -0.04 0.43 15398
0.00 -0.05 0.33 15502
-0.10 -0.01 1.16 15606
-0.17 -0.20 1.74 15710
-0.16 -0.23 1.27 15813
0.09 -0.09 0.30 15917
-0.00 -0.05 0.39 16020
-0.12 -0.07 1.22 16123
0.04 -0.04 1.55 16227
-0.07 0.21 1.22 16331
0.09 -0.05 0.25 16435
-0.08 -0.07 0.43 16538
-0.32 -0.08 1.46 16642
0.22 0.18 1.27 16745
0.14 0.08 0.85 16848
0.12 -0.13 0.29 16952
-0.15 0.02 0.66 17055
-0.24 0.03 1.40 17159
-0.09 0.27 1.76 17262
-0.03 0.15 0.93 17366
0.12 -0.03 0.25 17469
-0.05 -0.02 0.57 17573
-0.19 0.15 1.57 17677
-0.03 0.03 1.18 17779
-0.02 0.02 0.94 17881
-0.01 0.07 0.35 17984
-0.06 0.05 0.51 18087
-0.20 0.05 1.24 18191
0.11 0.14 1.45 18294
-0.04 0.25 1.04 18398
0.16 0.08 0.30 18501
-0.09 0.01 0.58 18605
-0.10 0.09 1.69 18708
-0.12 -0.07 1.18 18811
-0.04 0.03 0.94 18920
0.06 0.09 0.35 19023
-0.22 0.04 0.67 19127
-0.15 0.12 1.37 19230
-0.07 0.02 1.52 19334
0.11 -0.14 0.85 19437
0.07 0.05 0.30 19540
-0.26 -0.02 0.89 19644
-0.04 -0.07 1.45 19748
-0.42 -0.45 1.58 19852
0.07 -0.16 0.77 19955
0.05 0.01 0.29 20059
-0.28 0.03 0.95 20162
-0.26 -0.03 1.36 20265
-0.26 0.07 1.49 20369
-0.03 0.09 0.61 20472
-0.04 0.04 0.27 20577
-0.17 -0.14 1.11 20680
-0.33 -0.16 1.65 20784
-0.14 -0.29 1.46 20887
0.01 -0.17 0.57 20990
-0.00 -0.05 0.27 21094
-0.31 0.06 1.09 21202
-0.42 0.09 1.75 21304
-0.26 0.22 1.48 21407
0.07 0.01 0.49 21511
0.07 -0.06 0.31 21614
-0.24 -0.13 1.14 21719
-0.28 -0.03 1.82 21822
-0.26 -0.44 1.39 21925
0.04 -0.10 0.44 22029
0.00 -0.04 0.33 22132
-0.16 0.02 1.15 22236
-0.31 0.05 2.08 22339
-0.08 0.23 1.27 22443
0.06 0.03 0.33 22546
0.01 -0.10 0.33 22649
-0.15 0.08 1.27 22753
-0.10 -0.20 1.55 22856
-0.19 -0.24 1.15 22960
0.01 0.01 0.34 23063
-0.05 0.02 0.34 23166
-0.09 -0.07 1.16 23270
-0.27 0.09 1.75 23373
-0.27 0.13 1.23 23483
0.06 0.03 0.25 23586
-0.06 -0.07 0.46 23690
-0.16 0.10 1.29 23793
0.04 -0.21 1.24 23897
0.02 -0.14 1.06 24000
0.10 -0.01 0.29 24103
0.01 -0.10 0.41 24207
-0.64 -0.14 1.47 24310
-0.18 0.03 1.61 24414
-0.14 0.16 0.94 24518
0.10 0.03 0.21 24622
-0.20 -0.06 0.65 24725
-0.29 -0.13 1.46 24828
-0.30 -0.13 1.38 24932
0.02 -0.21 0.85 25035
-0.01 -0.06 0.29 25139
-0.27 -0.03 0.75 25243
-0.28 -0.06 1.46 25347
-0.26 0.10 1.52 25450
-0.08 0.07 0.86 25553
0.13 -0.07 0.24 25657
-0.18 -0.08 0.74 25766
-0.26 -0.15 1.45 25870
-0.35 -0.24 1.57 25973
-0.06 -0.22 0.82 26077
0.04 -0.05 0.29 26180
-0.25 -0.02 0.82 26284
-0.22 -0.01 1.40 26387
-0.17 -0.08 1.51 26490
-0.13 0.04 0.67 26594
0.00 -0.03 0.30 26697
-0.19 -0.04 0.90 26801
-0.38 -0.19 1.49 26904
-0.54 -0.17 1.45 27009
-0.16 -0.23 0.81 27111
0.07 -0.05 0.23 27214
-0.26 0.03 0.78 27318
-0.21 0.03 1.34 27421
-0.31 0.04 1.51 27525
-0.05 0.06 0.78 27629
0.09 -0.01 0.30 27731
-0.19 -0.10 0.81 27836
-0.23 0.02 1.34 27939
-0.37 -0.23 1.48 28048
0.03 -0.21 0.82 28151
0.02 -0.08 0.28 28256
-0.26 -0.02 0.77 28359
-0.25 -0.11 1.37 28463
-0.23 -0.09 1.28 28566
-0.15 -0.03 0.90 28669
-0.00 -0.14 0.42 28773
-0.08 -0.16 0.58 28876
-0.30 -0.07 1.18 28980
-0.31 -0.20 1.52 29083
-0.04 -0.37 0.89 29187
-0.02 -0.12 0.34 29290
-0.09 0.02 0.64 29393
-0.28 -0.24 1.46 29497
-0.31 -0.13 1.23 29600
-0.11 -0.14 0.95 29704
0.03 -0.20 0.42 29807
-0.08 -0.15 0.58 29911
-0.27 -0.09 1.27 30014
-0.24 -0.32 1.41 30118
-0.11 -0.38 0.93 30227
-0.00 -0.15 0.35 30330
-0.18 -0.18 0.79 30434
-0.41 -0.10 1.53 30537
-0.37 0.02 1.20 30641
-0.18 -0.01 0.90 30744
-0.02 -0.25 0.41 30848
-0.10 -0.03 0.63 30951
-0.30 -0.08 1.35 31054
-0.15 -0.27 1.45 31158
-0.20 -0.37 0.80 31261
0.05 -0.19 0.29 31365
-0.34 -0.14 0.97 31468
-0.29 -0.12 1.34 31571
-0.44 0.09 1.42 31675
-0.20 0.08 0.85 31778
0.03 -0.15 0.21 31882
-0.34 0.04 0.94 31985
-0.18 -0.23 1.56 32089
-0.45 -0.09 1.51 32192
-0.07 -0.24 0.59 32295
0.07 -0.10 0.30 32399
-0.33 -0.00 1.10 32508
-0.43 -0.03 1.52 32612
-0.19 0.06 1.45 32715
0.02 -0.01 0.49 32819
0.04 -0.10 0.27 32922
-0.26 -0.04 1.22 33026
-0.32 0.04 1.88 33129
-0.34 -0.47 1.39 33232
0.09 -0.16 0.36 33336
0.04 -0.06 0.37 33439
-0.20 0.09 1.20 33543
-0.44 -0.10 1.86 33647
-0.23 0.11 1.32 33751
0.03 0.01 0.32 33854
0.01 -0.07 0.37 33957
-0.08 -0.14 1.13 34061
-0.17 -0.13 1.58 34165
-0.19 -0.28 1.13 34269
-0.00 -0.16 0.29 34372
-0.09 0.00 0.36 34476
-0.08 -0.01 1.25 34579
0.01 -0.05 1.40 34682
-0.10 0.01 1.01 34791
0.05 -0.02 0.26 34895
-0.02 -0.05 0.56 34999
-0.36 -0.02 1.60 35102
-0.12 -0.02 1.49 35206
0.05 -0.15 0.81 35309
0.05 -0.05 0.19 35412
-0.19 -0.02 0.68 35516
-0.32 -0.07 1.46 35619
-0.33 0.17 1.62 35723
-0.12 0.07 0.68 35827
0.03 -0.02 0.18 35931
-0.26 -0.07 1.06 36034
-0.24 -0.12 1.65 36137
-0.28 -0.37 1.55 36241
0.07 -0.15 0.52 36344
0.05 -0.02 0.31 36449
-0.26 -0.02 1.12 36552
-0.47 0.05 1.68 36656
-0.31 0.15 1.48 36759
0.09 -0.02 0.39 36862
-0.02 -0.09 0.32 36966
-0.24 -0.09 1.19 37070
-0.25 -0.11 1.93 37174
-0.09 -0.26 1.23 37277
0.19 -0.07 0.32 37381
0.04 -0.03 0.32 37484
-0.17 -0.01 1.24 37587
-0.22 0.01 1.83 37691
-0.09 -0.07 1.20 37794
-0.00 -0.09 0.29 37898
