-0.11 0.03 1.38 2720
0.22 0.05 1.70 2824
0.05 0.15 0.96 2927
0.15 0.13 0.25 3031
-0.02 0.07 0.68 3134
-0.25 -0.02 1.62 3237
-0.10 -0.22 1.70 3341
0.02 -0.11 0.78 3444
0.11 0.09 0.11 3547
-0.12 0.09 1.00 3650
0.09 -0.04 1.30 3753
-0.12 0.24 1.65 3857
0.19 0.05 0.63 3960
0.09 0.11 0.22 4064
-0.19 -0.06 1.21 4167
-0.09 -0.12 1.89 4271
0.13 -0.31 1.66 4374
0.06 0.07 0.43 4476
0.16 0.10 0.23 4580
-0.04 0.02 1.32 4683
-0.10 0.11 1.84 4787
-0.14 0.30 1.55 4890
0.09 0.22 0.45 4994
0.08 0.09 0.36 5102
-0.08 0.08 1.36 5206
0.23 -0.16 1.65 5309
0.24 -0.24 1.33 5412
0.19 0.17 0.38 5516
0.06 0.15 0.35 5619
0.10 0.12 1.20 5723
0.21 -0.09 1.87 5825
-0.10 0.26 1.30 5928
0.07 0.10 0.38 6033
0.07 0.18 0.49 6135
0.09 0.27 1.31 6239
0.40 0.21 1.65 6342
0.34 0.10 1.34 6446
0.13 0.20 0.45 6549
0.08 0.12 0.48 6652
0.00 0.03 1.30 6756
0.28 -0.01 1.56 6859
-0.13 0.49 1.53 6963
0.24 0.23 0.30 7066
0.09 0.19 0.45 7169
0.07 0.16 1.44 7272
0.43 -0.02 1.57 7375
0.34 -0.14 1.08 7479
0.18 0.09 0.55 7588
0.01 0.10 0.46 7692
-0.10 0.01 1.44 7795
0.32 0.13 1.88 7899
0.11 0.35 1.39 8002
0.16 0.17 0.36 8105
0.06 0.15 0.49 8209
0.04 0.15 1.35 8312
0.04 -0.13 1.18 8416
-0.09 -0.12 1.24 8519
0.09 -0.01 0.32 8623
0.12 0.21 0.42 8726
-0.03 0.15 1.43 8829
0.23 0.13 1.48 8932
0.10 0.20 1.10 9035
0.10 0.10 0.23 9139
0.08 0.09 0.51 9242
-0.06 0.25 1.63 9346
-0.06 -0.32 1.46 9449
0.00 0.09 1.04 9552
0.07 0.04 0.27 9656
0.00 0.09 0.61 9759
-0.02 -0.03 1.53 9863
-0.16 0.05 1.76 9967
0.12 0.04 0.73 10076
0.10 0.09 0.27 10179
-0.09 0.14 0.91 10283
-0.07 0.03 1.37 10386
-0.25 -0.44 1.62 10489
0.18 0.13 0.45 10593
0.13 -0.01 0.23 10696
0.05 0.26 1.28 10800
-0.46 -0.07 2.07 10903
-0.22 0.35 1.43 11006
0.03 0.14 0.44 11110
0.05 0.11 0.38 11213
0.13 0.13 1.33 11317
0.20 -0.05 1.92 11420
0.30 0.01 1.33 11524
0.21 0.12 0.42 11627
0.00 0.07 0.35 11730
-0.17 0.03 1.20 11834
0.12 0.08 1.73 11937
-0.03 0.18 1.22 12041
0.22 0.14 0.28 12144
0.15 0.05 0.44 12248
-0.09 0.11 1.34 12351
0.23 -0.20 1.32 12460
0.06 -0.02 1.25 12563
0.18 0.02 0.27 12666
0.02 0.18 0.48 12770
-0.07 0.08 1.51 12873
0.21 -0.06 1.62 12977
-0.06 0.18 1.19 13080
0.15 0.09 0.33 13184
0.01 -0.00 0.40 13287
0.02 0.06 1.48 13390
0.19 -0.07 1.32 13494
-0.06 -0.14 1.14 13597
0.22 0.18 0.26 13701
-0.00 0.16 0.37 13804
-0.21 0.05 1.42 13907
0.17 0.12 1.42 14011
0.07 0.12 1.02 14114
0.14 0.12 0.21 14218
0.04 0.02 0.58 14321
-0.07 0.01 1.66 14425
-0.05 -0.14 1.54 14528
0.06 -0.08 0.89 14631
0.17 0.06 0.25 14741
-0.08 0.06 0.76 14844
-0.05 -0.14 1.55 14948
0.10 0.04 1.55 15051
0.09 0.10 0.91 15155
0.13 0.16 0.24 15258
-0.05 0.07 0.79 15362
0.04 0.04 1.53 15465
-0.22 -0.27 1.65 15568
-0.03 -0.20 0.96 15672
0.12 0.02 0.20 15775
-0.10 0.11 0.69 15879
-0.06 -0.03 1.48 15983
-0.05 0.13 1.65 16087
0.06 0.06 0.75 16190
0.15 0.07 0.31 16293
-0.13 -0.04 1.00 16397
0.04 0.03 1.44 16500
-0.19 -0.05 1.70 16604
0.10 -0.20 0.89 16707
0.08 0.09 0.27 16811
-0.02 0.15 0.73 16914
-0.03 -0.01 1.55 17017
0.03 0.31 1.35 17121
0.03 -0.09 1.10 17224
-0.02 0.16 0.39 17328
-0.15 0.05 0.61 17431
-0.03 0.04 1.41 17536
-0.07 -0.09 1.55 17639
0.09 -0.20 0.94 17742
0.04 0.06 0.31 17846
-0.07 0.10 0.83 17949
-0.18 -0.10 1.65 18053
-0.34 0.10 1.46 18156
-0.07 -0.11 0.93 18259
0.14 -0.02 0.41 18363
-0.03 0.08 0.69 18466
-0.06 -0.03 1.34 18570
0.15 -0.22 1.36 18673
-0.05 -0.37 1.13 18777
0.19 -0.06 0.31 18880
-0.18 -0.03 0.57 18983
-0.15 -0.28 1.39 19087
0.31 -0.08 1.25 19190
0.02 0.04 1.23 19294
0.14 -0.09 0.47 19403
0.02 -0.07 0.57 19507
-0.06 0.07 1.34 19610
0.29 -0.12 1.41 19714
-0.09 -0.36 1.04 19817
0.10 0.02 0.38 19920
-0.06 -0.01 0.64 20024
-0.19 -0.18 1.55 20127
0.00 -0.13 1.44 20231
0.06 0.06 0.84 20334
0.11 0.05 0.27 20438
-0.09 0.02 0.88 20541
-0.01 -0.02 1.64 20644
0.07 -0.19 1.33 20748
-0.09 -0.23 0.91 20851
0.14 0.04 0.25 20955
-0.11 0.05 0.90 21058
-0.14 -0.03 1.50 21161
0.01 0.07 1.52 21265
0.14 0.02 0.86 21368
0.17 0.11 0.25 21472
-0.13 0.00 0.96 21576
-0.08 -0.20 1.66 21685
-0.11 -0.44 1.60 21788
0.23 0.00 0.50 21892
0.20 0.07 0.32 21995
-0.18 0.05 1.28 22098
-0.24 -0.04 1.99 22202
0.01 0.37 1.52 22305
0.23 0.02 0.43 22409
0.10 0.10 0.37 22512
-0.00 0.07 1.20 22616
0.03 -0.11 1.99 22719
-0.21 -0.25 1.33 22822
0.16 0.03 0.22 22926
0.07 0.12 0.36 23029
-0.06 0.04 1.26 23133
0.09 -0.03 1.74 23236
-0.08 0.11 1.32 23340
0.13 0.12 0.35 23443
0.14 0.06 0.40 23546
0.00 0.15 1.29 23650
0.00 -0.23 1.66 23753
-0.04 -0.12 1.25 23857
0.08 0.00 0.31 23960
0.06 0.04 0.38 24064
-0.07 0.06 1.29 24167
0.17 -0.15 1.70 24271
0.08 0.07 1.29 24374
0.28 0.14 0.20 24477
0.09 -0.01 0.60 24581
-0.13 0.18 1.55 24684
0.16 -0.10 1.31 24787
-0.03 -0.24 1.26 24891
0.22 0.02 0.28 24994
0.03 0.10 0.49 25098
-0.12 -0.03 1.39 25201
-0.19 -0.22 1.56 25305
-0.23 0.22 1.30 25408
0.24 0.13 0.32 25511
0.16 -0.05 0.41 25615
-0.04 0.10 1.38 25718
-0.04 -0.02 1.52 25823
0.15 -0.21 1.12 25926
0.10 0.00 0.28 26030
-0.01 0.01 0.80 26133
-0.08 -0.28 1.58 26236
0.09 -0.00 1.38 26345
0.02 0.08 0.99 26448
0.21 0.17 0.26 26552
0.01 0.00 0.68 26655
-0.15 -0.05 1.70 26759
-0.19 -0.07 1.31 26862
-0.05 -0.21 0.97 26966
0.18 -0.00 0.20 27069
0.03 0.12 0.71 27172
-0.07 -0.02 1.63 27276
-0.01 -0.07 1.62 27379
0.10 0.04 0.87 27483
0.20 0.10 0.23 27586
-0.04 -0.02 0.77 27689
-0.09 -0.05 1.51 27793
-0.13 -0.22 1.48 27896
-0.02 -0.28 0.93 28000
0.20 0.03 0.24 28103
-0.04 0.12 0.81 28207
-0.03 0.05 1.53 28310
-0.09 0.06 1.64 28413
0.14 0.08 0.76 28517
0.16 0.10 0.29 28626
-0.15 0.05 1.03 28730
-0.08 0.00 1.54 28833
-0.20 -0.18 1.63 28937
0.09 -0.20 0.73 29040
0.13 -0.00 0.29 29144
-0.14 -0.02 0.98 29247
-0.05 -0.18 1.58 29350
-0.07 0.13 1.70 29454
0.21 0.06 0.71 29557
0.14 0.09 0.33 29661
-0.14 -0.03 1.02 29764
-0.06 -0.10 1.50 29868
-0.19 -0.24 1.72 29971
0.13 -0.24 0.80 30074
0.13 -0.04 0.30 30179
-0.02 0.08 0.80 30282
-0.10 -0.12 1.48 30385
-0.03 0.05 1.27 30489
0.02 -0.14 1.19 30593
0.19 0.09 0.36 30696
0.04 -0.05 0.52 30799
-0.07 -0.06 1.45 30908
0.22 -0.18 1.41 31011
-0.13 -0.29 1.08 31115
0.11 0.02 0.31 31218
-0.03 0.05 0.51 31322
-0.13 -0.06 1.38 31425
0.30 -0.09 1.32 31528
0.19 0.06 1.23 31632
-0.01 -0.08 0.37 31735
0.04 -0.05 0.42 31839
0.07 0.02 1.28 31942
0.17 -0.10 1.51 32046
-0.12 -0.39 1.10 32149
0.11 0.03 0.27 32252
0.02 0.07 0.51 32356
-0.04 -0.15 1.29 32460
0.08 -0.12 1.43 32564
-0.08 0.22 1.39 32667
0.11 0.10 0.47 32771
0.05 0.04 0.39 32874
-0.02 0.01 1.22 32977
0.01 -0.14 1.75 33081
-0.09 -0.26 1.40 33184
0.13 -0.06 0.43 33288
0.12 0.12 0.41 33391
-0.05 0.07 1.34 33495
-0.01 -0.03 1.89 33599
-0.02 0.32 1.55 33702
0.16 0.10 0.49 33806
0.12 0.10 0.39 33909
-0.10 -0.09 1.34 34013
-0.07 -0.23 2.12 34116
0.09 -0.29 1.57 34220
0.27 -0.06 0.40 34323
0.11 0.14 0.36 34426
-0.18 0.17 1.28 34530
-0.11 0.01 1.81 34633
-0.05 0.64 1.50 34737
0.16 -0.07 0.46 34840
0.09 0.12 0.33 34944
-0.13 0.01 1.28 35047
-0.07 -0.18 1.98 35150
-0.06 -0.30 1.50 35254
0.06 -0.01 0.48 35357
0.16 0.12 0.36 35461
-0.13 0.02 1.31 35569
-0.31 -0.03 2.01 35671
-0.02 0.32 1.42 35774
0.08 0.15 0.49 35877
0.10 0.09 0.37 35981
-0.18 -0.06 1.24 36084
-0.12 -0.08 1.91 36188
0.04 -0.33 1.52 36291
0.07 -0.07 0.49 36395
0.14 0.16 0.23 36498
-0.07 -0.00 1.25 36601
-0.32 0.18 1.89 36705
-0.20 0.19 1.60 36808
0.12 0.08 0.54 36912
0.07 0.08 0.31 37015
-0.15 0.01 1.27 37118
-0.16 -0.21 1.92 37222
-0.32 -0.23 1.49 37325
0.11 -0.09 0.54 37429
0.01 0.10 0.30 37532
-0.19 0.09 1.16 37636
-0.17 -0.00 1.60 37739
0.01 0.19 1.53 37849
